100 10 50
28 41 16 24 05 19 01 38 43 11 
24 31 24 10 09 38 23 30 14 02 
16 28 20 04 33 40 22 50 35 29 
05 12 21 21 37 27 41 38 16 33 
50 39 14 24 01 24 13 23 03 29 
26 21 06 45 24 38 36 48 40 22 
26 44 35 48 16 22 24 06 11 39 
41 10 29 06 35 29 29 50 03 34 
28 30 04 35 24 29 22 12 26 13 
33 03 07 18 50 22 41 25 30 03 
15 20 14 44 27 49 24 05 50 29 
38 27 08 43 11 34 22 34 47 47 
47 29 50 05 48 01 28 40 28 07 
42 42 28 06 37 04 06 13 11 05 
41 50 33 50 43 45 33 14 28 29 
12 26 10 13 32 09 16 10 49 43 
18 42 34 46 49 23 01 04 35 11 
10 25 13 44 26 05 38 09 20 18 
39 33 43 50 48 25 09 13 36 09 
05 03 50 40 50 49 12 03 04 46 
15 14 22 27 07 48 33 47 08 02 
14 48 37 08 48 34 34 08 46 19 
16 50 24 15 41 23 13 03 25 19 
50 40 34 24 18 42 21 01 38 30 
04 01 29 40 11 26 23 44 33 20 
13 48 21 36 15 12 10 29 14 37 
47 15 26 30 38 43 22 10 43 11 
39 49 12 18 38 24 45 13 17 30 
32 31 29 03 18 43 16 28 22 29 
14 20 45 41 02 33 35 23 42 30 
33 33 28 46 02 15 19 46 29 38 
25 11 18 06 15 36 48 30 15 21 
10 30 41 04 20 42 36 06 16 30 
35 50 12 14 46 13 31 16 10 09 
03 37 21 21 42 35 08 39 14 22 
12 25 03 02 29 24 45 16 29 10 
45 16 11 08 29 08 20 11 24 32 
22 28 18 42 48 09 27 07 49 42 
30 10 17 32 13 47 05 07 14 36 
18 11 01 31 18 31 38 40 42 11 
21 13 39 38 06 38 48 32 47 46 
26 26 08 44 10 20 42 14 29 05 
49 48 15 01 28 35 32 16 24 25 
28 44 39 16 33 44 06 30 28 02 
27 05 27 34 50 38 06 41 02 34 
47 02 33 12 03 11 46 36 28 21 
10 05 14 50 23 48 45 28 27 22 
31 05 28 09 41 27 47 46 17 48 
31 14 01 13 27 03 25 24 40 04 
44 49 09 07 50 33 06 45 10 34 
18 42 38 46 50 28 22 46 25 39 
45 05 04 46 20 30 50 46 03 40 
02 46 38 12 04 40 44 11 34 05 
44 01 46 31 46 45 11 20 41 35 
08 35 42 13 32 13 44 32 10 46 
21 11 43 10 22 48 49 15 10 32 
19 03 35 16 35 32 11 45 01 03 
32 10 39 25 22 21 37 15 04 48 
12 24 09 06 35 30 05 34 47 14 
17 17 16 03 33 03 35 45 49 35 
47 30 45 37 06 16 09 44 33 12 
42 44 37 50 50 22 31 06 05 27 
20 23 46 37 26 28 39 10 22 38 
44 20 19 38 06 25 06 17 20 38 
28 11 33 15 12 34 36 43 40 42 
21 09 16 16 47 41 45 36 02 18 
25 48 37 45 37 45 19 42 11 39 
31 40 01 14 04 13 47 41 07 36 
34 27 46 50 45 45 42 39 32 46 
07 06 43 45 50 29 39 21 23 01 
11 03 41 13 18 46 25 15 39 31 
02 22 10 50 23 04 44 17 44 27 
12 50 34 06 47 35 36 37 05 08 
38 17 13 30 30 30 27 06 46 15 
39 48 39 48 49 13 01 44 29 46 
20 42 46 03 47 44 37 33 30 44 
42 17 12 04 48 43 36 25 01 31 
39 39 30 29 36 30 42 38 23 20 
33 44 14 30 48 10 23 37 44 05 
32 38 23 45 43 21 38 28 47 40 
11 37 28 40 16 15 20 07 04 44 
28 38 40 41 20 37 03 44 25 48 
48 06 35 21 01 28 43 40 07 39 
29 17 25 08 09 40 22 30 46 27 
23 26 14 12 16 33 01 20 27 25 
18 24 31 02 46 33 31 38 24 38 
26 02 06 03 09 14 42 32 43 40 
08 18 15 21 31 32 06 31 02 34 
08 21 09 40 22 05 24 05 44 47 
44 20 48 49 24 08 13 15 41 07 
06 48 26 22 20 07 04 27 39 07 
10 46 27 19 37 50 23 10 06 16 
06 49 37 05 48 12 14 12 27 04 
20 34 03 46 06 25 02 11 01 42 
17 11 40 45 31 26 46 03 38 02 
20 45 50 09 50 49 20 13 12 48 
19 32 32 21 29 39 45 32 49 46 
23 17 08 12 13 38 40 08 42 27 
09 13 23 11 23 22 09 45 37 21 
42 05 04 25 25 32 15 20 15 13 
