100 100 100
10 79 04 84 22 42 41 42 10 94 88 19 66 56 63 06 26 80 60 43 59 20 34 44 14 13 61 98 79 26 73 40 56 76 24 77 70 16 71 79 09 58 97 26 14 11 31 91 90 43 33 48 62 18 44 75 30 04 72 60 29 97 52 37 72 27 65 41 94 35 71 54 45 68 79 10 30 62 52 20 04 36 19 65 53 62 91 34 65 15 46 46 11 97 34 34 75 98 27 68 
85 97 21 29 16 51 38 46 64 89 17 67 24 35 83 76 49 74 61 13 88 06 10 50 02 43 83 28 93 09 95 77 06 15 05 21 18 94 18 81 82 34 100 57 69 82 84 17 07 44 81 94 50 43 95 03 37 78 31 29 38 77 57 43 44 13 16 61 06 33 41 39 67 40 95 87 74 78 55 80 74 35 26 75 29 20 77 66 49 59 46 87 36 03 81 79 15 96 39 73 
29 31 11 47 23 06 33 96 35 39 75 60 25 52 34 54 72 11 19 72 21 16 58 56 18 39 34 85 34 24 57 14 07 67 12 29 24 96 24 11 34 50 70 59 02 04 12 25 66 82 96 86 97 06 42 67 44 27 03 29 03 59 95 09 77 06 37 53 02 12 63 87 61 84 45 14 87 56 90 04 89 38 90 38 43 83 04 38 61 06 66 63 16 12 71 44 18 59 96 71 
70 10 57 83 94 02 96 32 09 38 36 50 75 77 87 69 11 42 06 71 47 23 34 14 35 56 57 52 15 05 74 84 14 30 66 59 83 14 43 44 03 30 93 77 06 79 97 16 20 02 38 18 24 71 83 58 27 39 61 93 95 86 28 61 68 94 19 50 59 13 93 61 42 37 89 99 67 85 14 86 38 04 55 61 74 37 71 52 28 83 44 22 69 72 82 36 17 53 37 27 
17 82 87 59 18 27 57 85 63 23 22 100 26 77 12 51 65 82 03 92 17 98 66 37 69 99 24 37 51 12 63 68 93 01 78 63 79 34 99 41 08 20 40 33 48 52 84 13 85 38 56 01 35 21 89 56 20 12 44 22 76 07 41 68 59 18 82 38 04 80 30 11 52 70 96 99 73 31 63 57 68 71 10 54 91 50 09 62 14 53 84 89 11 24 08 21 94 90 10 97 
69 40 07 20 61 02 71 85 32 85 93 51 55 54 05 46 04 65 59 69 17 42 57 79 18 64 52 11 53 61 07 74 52 65 45 64 67 15 100 50 100 93 01 06 98 05 03 01 69 62 21 38 03 77 68 72 93 19 82 97 32 40 22 35 05 67 51 71 81 50 72 32 94 72 38 92 76 40 44 97 01 65 86 56 93 53 27 37 24 61 86 07 100 07 93 04 73 43 26 06 
45 98 37 38 69 74 81 97 66 25 45 66 41 30 73 85 34 100 22 57 60 07 63 11 13 08 15 38 50 40 43 94 37 79 84 58 05 64 54 70 40 50 87 80 79 60 17 12 11 38 21 22 44 35 32 08 42 98 45 92 90 39 37 26 18 72 35 74 36 40 43 27 89 29 59 67 40 75 31 50 12 51 71 07 85 55 66 27 52 63 70 41 01 58 19 70 30 53 43 17 
45 37 43 33 18 53 52 09 27 34 59 90 36 81 48 20 35 66 98 39 80 19 79 80 77 49 02 06 54 96 22 98 85 16 82 02 69 85 10 47 70 20 89 05 01 88 77 87 53 74 25 32 45 56 64 21 56 17 78 09 12 51 58 48 18 92 49 38 76 11 37 46 30 25 02 82 12 78 69 17 04 45 100 48 52 15 20 08 31 97 68 95 99 26 42 16 17 43 54 44 
53 90 41 34 66 43 16 77 20 36 45 75 32 97 22 36 11 41 95 94 89 62 40 87 39 33 03 07 75 08 51 79 97 43 65 62 85 32 90 57 67 87 31 50 83 05 85 45 45 31 38 34 93 77 72 83 62 74 90 88 33 92 19 29 34 83 42 19 14 84 27 32 22 09 81 04 13 18 48 58 48 38 43 92 66 14 27 27 40 16 15 72 07 33 53 92 67 46 62 80 
81 88 11 02 97 43 05 09 12 05 18 60 94 12 03 59 78 29 38 17 96 04 40 54 88 44 46 54 42 59 85 22 47 95 24 95 89 80 55 01 36 73 12 29 36 66 40 13 47 77 81 42 32 73 48 19 16 45 24 57 03 08 79 01 54 54 95 42 33 50 94 69 74 05 49 09 71 88 74 17 16 54 10 47 26 57 65 42 53 88 50 56 47 80 56 100 33 51 42 18 
52 87 38 77 92 86 37 14 26 10 82 41 16 43 40 41 52 56 34 04 44 84 59 42 15 15 42 100 17 35 69 20 21 06 48 12 43 84 77 20 46 58 61 61 53 52 01 04 07 87 07 02 70 66 44 36 32 85 35 48 19 03 19 39 60 66 03 55 01 79 74 98 89 86 10 41 37 63 44 44 49 02 45 70 67 40 05 50 24 92 49 94 46 67 33 58 84 35 12 37 
65 37 34 05 23 96 45 11 58 40 06 06 42 03 75 60 42 31 10 66 22 58 59 20 77 43 77 12 29 40 48 94 76 34 98 98 29 95 61 86 86 66 43 79 68 69 91 10 99 100 27 73 09 37 92 37 80 68 49 60 07 48 53 34 81 03 84 61 97 44 98 34 09 92 13 29 60 03 38 59 54 16 31 14 52 74 03 83 93 51 43 99 50 47 84 83 49 67 43 97 
10 93 83 19 84 95 99 44 49 36 54 02 03 84 67 06 09 69 41 01 71 35 51 21 81 34 03 82 01 97 30 10 89 12 80 25 06 78 68 06 65 21 07 19 56 26 25 64 94 17 64 65 51 66 37 31 99 39 12 99 35 94 61 76 05 92 100 11 22 67 16 38 39 75 57 46 52 33 09 45 49 24 61 99 89 97 29 39 87 93 38 22 86 50 49 90 41 48 52 62 
66 20 100 04 46 08 49 97 40 09 93 88 84 06 86 24 54 66 62 41 10 99 14 47 100 62 37 41 61 40 54 26 11 05 29 08 12 29 04 51 89 49 90 72 06 75 95 59 93 56 51 02 07 64 01 06 77 37 98 37 28 52 62 91 56 42 98 20 22 54 70 10 54 60 33 59 86 79 17 30 87 68 84 45 83 84 02 60 72 100 48 99 03 62 89 10 55 39 29 77 
92 51 38 45 10 23 55 47 01 71 77 87 90 60 31 73 43 33 84 14 84 83 64 38 44 05 47 51 43 28 79 86 78 16 82 39 38 36 37 91 06 65 77 48 24 60 72 18 44 07 83 79 89 47 16 85 03 14 35 45 93 13 82 70 80 63 60 70 98 49 60 55 13 36 54 37 47 25 06 90 31 89 68 72 87 35 56 89 49 42 85 41 06 66 63 37 28 74 06 77 
22 65 83 35 53 89 23 99 13 80 41 96 68 60 67 54 47 74 94 95 67 78 87 72 43 01 08 22 27 66 50 48 30 85 34 34 73 08 85 37 88 25 32 07 36 50 13 82 23 06 28 89 36 15 12 78 67 72 52 93 37 53 93 18 37 78 52 61 86 36 98 25 12 29 83 99 79 47 81 53 53 08 94 88 74 05 17 93 76 20 85 64 73 77 82 61 07 85 22 44 
72 19 20 83 99 02 33 29 49 13 34 53 73 27 92 46 31 08 38 59 80 75 22 52 03 55 12 09 39 85 52 10 03 71 44 54 25 77 82 73 41 15 25 13 93 16 11 24 75 48 82 54 74 55 57 77 10 21 85 48 05 89 10 60 59 05 13 35 33 46 07 74 13 83 86 05 50 96 80 77 96 61 82 69 68 39 45 77 11 82 24 15 70 85 26 80 90 90 15 22 
36 73 95 100 56 33 56 57 80 36 33 75 48 15 96 15 05 92 91 15 73 67 81 94 03 59 26 92 48 92 66 35 64 12 34 71 44 42 80 76 77 12 50 76 78 97 43 34 89 85 100 61 03 33 07 06 91 32 97 38 75 14 73 38 26 58 61 21 51 40 96 79 03 46 55 33 42 49 18 82 33 18 95 36 02 01 41 92 84 89 81 58 03 05 47 80 15 59 100 65 
50 96 44 05 93 98 37 34 46 06 68 30 23 62 17 76 62 57 67 97 98 100 06 52 04 52 31 18 63 82 35 12 77 78 16 69 27 04 55 24 10 22 53 84 83 70 60 96 78 78 44 27 77 49 78 33 52 60 02 14 42 36 78 70 13 45 39 91 49 45 14 10 66 67 93 100 36 04 47 65 82 42 92 10 90 21 94 93 81 48 59 74 83 36 43 48 80 33 38 80 
77 52 89 94 70 34 93 57 89 91 21 22 32 12 32 73 33 77 66 65 24 24 38 59 11 32 06 42 65 95 22 41 98 62 35 67 47 79 23 36 22 44 57 53 07 40 26 91 17 91 55 40 66 44 98 76 28 55 17 92 50 90 84 47 04 70 66 50 01 88 37 22 83 94 74 90 85 51 32 53 93 39 45 58 82 94 85 09 49 54 52 50 43 88 48 46 57 13 48 57 
53 84 30 35 29 56 76 14 06 60 66 51 98 10 08 31 04 45 92 04 98 43 05 92 30 52 90 39 17 37 47 69 72 77 55 01 32 83 66 89 42 83 39 91 93 99 21 48 43 12 03 92 55 07 83 36 58 72 26 26 60 73 46 32 01 53 32 84 35 97 72 28 79 63 18 23 61 38 22 55 02 24 98 08 30 80 95 40 04 21 17 63 45 63 94 45 67 77 28 53 
25 51 80 56 65 49 78 25 38 52 31 39 27 28 98 09 60 93 100 63 13 16 77 57 30 71 53 96 99 80 48 24 82 79 79 47 79 08 23 17 59 54 07 38 33 05 46 92 97 45 06 61 12 83 69 42 05 21 89 03 100 89 78 33 67 56 31 98 16 54 14 26 59 72 63 43 76 08 35 24 04 92 36 16 26 04 57 82 24 97 85 75 85 14 08 04 70 38 01 37 
43 66 62 01 37 25 44 65 84 30 88 88 73 76 03 99 79 11 80 03 07 16 29 92 30 36 95 51 26 47 87 68 12 48 21 48 24 16 12 08 97 52 95 69 27 97 67 57 59 99 11 65 14 40 56 95 27 02 45 52 100 83 72 11 83 44 59 06 59 22 65 07 25 59 75 03 07 94 60 65 92 70 30 05 09 37 100 88 91 96 39 90 79 62 53 61 05 63 18 15 
84 83 21 61 41 48 63 100 41 74 16 32 44 97 88 04 86 39 91 76 35 82 17 65 95 21 25 52 83 42 18 19 24 91 79 17 38 93 68 78 67 83 61 62 80 48 17 65 87 60 92 73 41 60 37 87 81 61 38 63 54 56 81 30 46 11 98 83 04 65 12 70 47 72 83 78 71 99 42 57 58 85 81 50 45 17 37 25 29 26 39 35 81 20 64 78 82 61 60 37 
77 23 58 23 94 40 53 65 39 94 73 48 79 54 98 23 70 86 99 51 11 37 85 44 08 48 21 90 60 33 26 36 55 84 10 01 75 62 17 13 08 89 13 38 94 10 12 16 47 10 66 09 46 02 52 06 49 73 95 60 57 72 47 11 07 08 63 82 22 79 46 29 20 58 18 65 19 29 80 17 90 97 26 87 98 77 92 98 01 38 57 57 62 55 20 68 63 34 01 84 
13 99 64 84 08 81 48 27 61 80 43 50 76 20 88 26 97 80 23 49 69 32 58 30 86 29 50 100 62 50 83 26 100 98 09 08 30 09 86 42 40 28 43 15 48 31 92 96 10 15 96 78 46 53 60 83 81 09 83 43 10 17 20 10 15 81 69 96 89 54 38 80 33 80 46 32 10 38 27 71 52 75 01 49 27 12 31 60 20 13 54 29 30 73 90 96 53 10 91 93 
63 80 72 96 12 18 27 73 55 06 96 58 80 96 06 58 07 36 17 78 01 70 58 82 43 100 77 47 09 19 92 72 99 63 67 62 32 45 34 38 02 29 95 33 76 52 91 82 40 59 11 40 29 69 21 23 68 97 21 76 67 12 99 17 75 17 78 58 62 12 96 15 40 42 48 16 94 38 49 33 96 60 24 76 80 44 98 47 92 71 74 58 82 73 75 08 89 52 66 02 
15 13 17 55 54 64 22 99 53 70 83 100 81 06 76 60 49 25 58 92 95 84 50 77 56 76 84 96 79 01 50 94 13 18 48 19 81 69 17 85 90 100 84 71 57 11 82 58 36 40 49 82 23 50 10 30 25 46 77 04 98 78 97 11 95 96 29 27 16 97 11 05 48 47 27 05 57 09 14 44 100 62 78 74 12 87 55 88 84 83 91 82 61 39 44 55 86 24 82 53 
20 92 10 20 90 36 76 47 96 89 42 47 50 19 72 13 58 26 01 93 09 43 74 69 34 69 23 71 92 56 24 64 48 33 83 37 20 58 35 16 98 29 14 99 47 86 12 56 11 64 49 71 58 74 39 91 43 14 14 34 69 37 97 68 21 31 57 40 40 43 07 37 71 21 88 70 06 99 25 68 14 25 91 71 51 29 14 93 94 27 78 63 63 27 82 83 57 38 22 49 
81 81 37 51 01 24 72 58 22 97 77 87 73 67 58 23 48 71 15 41 97 45 55 11 71 89 93 79 78 66 79 58 46 16 61 98 39 32 07 61 80 84 99 53 02 56 75 01 78 42 94 74 86 100 36 08 88 80 38 66 46 17 75 43 32 87 93 70 71 99 82 50 34 81 54 88 88 81 88 66 22 81 91 59 81 27 18 68 06 55 85 03 23 60 46 54 46 90 76 68 
40 09 18 74 41 23 13 29 03 100 94 24 81 84 34 13 62 51 80 68 58 17 70 80 76 67 86 73 08 13 41 48 21 10 73 62 32 85 42 35 84 35 10 16 70 44 28 84 46 60 51 03 76 72 83 51 91 20 75 98 32 15 97 52 24 69 65 08 53 06 42 89 92 51 04 14 46 84 97 92 43 99 94 18 22 28 20 12 47 46 62 78 61 10 82 36 79 98 95 83 
04 36 71 47 39 27 60 36 10 56 27 04 06 73 73 28 100 44 91 99 89 04 76 49 14 09 37 44 07 31 26 10 19 49 08 09 75 68 44 36 75 71 39 81 95 63 60 94 06 50 92 94 54 20 95 19 80 83 62 86 13 39 47 83 87 55 91 13 22 35 48 48 57 38 28 51 100 87 96 05 89 88 51 42 59 45 12 38 27 73 76 91 11 22 74 50 28 64 62 01 
50 10 49 06 99 76 08 51 15 04 55 03 43 57 96 01 01 07 90 79 31 65 70 93 39 95 42 66 58 04 67 60 65 15 65 63 42 73 13 56 28 20 58 70 76 53 70 29 11 11 07 93 76 28 86 14 22 27 79 32 82 97 91 98 11 07 61 53 31 25 08 58 96 18 27 24 22 48 04 85 59 10 77 34 90 62 99 11 41 29 94 74 26 84 72 36 43 84 40 73 
08 100 31 56 17 09 79 90 57 82 74 15 43 51 100 32 64 50 95 04 78 88 78 03 24 01 91 66 84 30 90 91 29 20 46 45 81 76 87 37 09 60 03 52 62 54 35 26 03 81 81 80 21 58 35 44 10 25 61 93 54 50 36 83 22 33 79 02 09 65 90 17 77 44 20 38 97 55 63 51 35 44 82 55 53 16 50 63 40 10 07 46 12 42 80 33 75 58 86 83 
75 75 51 03 18 71 40 66 77 55 16 63 50 97 18 54 65 19 16 04 81 75 49 92 16 80 24 90 90 09 24 64 35 27 18 52 97 09 69 25 63 84 87 64 32 56 18 96 75 85 52 55 59 52 46 75 32 21 16 21 81 40 36 15 66 05 18 14 13 86 38 28 21 24 91 04 80 08 52 06 93 03 60 51 06 57 77 89 29 93 61 09 32 96 75 49 100 92 14 65 
29 51 92 01 26 82 04 57 90 07 14 34 61 73 84 67 81 13 07 09 05 68 69 88 15 43 36 67 86 01 31 66 03 22 66 80 55 22 37 44 28 50 29 89 75 65 07 07 77 13 68 81 80 36 68 95 31 55 61 68 55 43 86 09 64 51 88 18 24 24 14 52 26 94 92 52 58 50 58 34 62 77 66 94 65 85 40 95 39 52 14 45 94 99 53 09 02 93 26 25 
16 91 28 93 85 19 96 94 68 54 28 82 82 45 27 46 30 66 92 20 69 06 17 62 56 69 70 57 13 47 34 81 90 61 73 26 32 69 19 51 74 98 84 07 43 10 53 72 27 44 91 95 01 07 08 57 28 29 65 40 28 98 20 17 11 45 94 42 65 12 44 90 10 28 96 52 37 48 75 16 44 65 10 44 24 70 52 03 98 17 42 25 66 14 93 28 58 86 69 74 
50 13 63 11 92 58 14 28 58 88 95 01 04 05 96 79 74 48 81 23 16 23 100 81 88 92 09 45 30 29 70 31 93 32 93 84 41 06 64 98 45 58 50 100 14 46 79 39 93 59 62 08 33 61 40 72 04 48 68 85 29 37 67 21 68 59 05 09 64 20 58 60 77 08 60 91 53 90 29 45 100 42 04 85 02 43 56 58 43 24 94 71 60 61 43 80 19 99 40 35 
18 97 94 95 56 05 37 08 94 65 04 46 07 07 30 60 02 85 69 44 60 63 66 72 23 08 51 93 07 90 27 76 38 73 70 94 29 58 53 75 75 57 20 81 15 49 92 16 33 13 11 45 75 76 16 49 36 18 41 42 59 20 17 96 44 39 41 72 96 94 46 70 02 65 02 16 65 46 84 50 58 46 94 84 22 09 84 57 78 76 50 36 95 18 31 90 08 24 14 56 
17 11 77 18 28 31 85 92 76 20 41 85 66 86 20 39 46 03 47 23 78 48 58 25 65 41 66 25 64 79 80 80 90 56 49 69 86 85 60 13 57 53 49 74 38 20 12 36 22 10 58 52 57 16 76 73 08 41 97 71 72 28 02 61 84 02 29 21 86 40 86 94 44 86 67 82 06 78 69 27 87 26 78 95 93 05 68 100 98 16 70 69 44 23 81 79 24 09 51 62 
100 36 55 44 74 22 77 79 51 45 57 90 22 87 84 15 91 03 14 88 19 36 08 14 58 88 92 34 48 42 95 48 30 49 43 03 22 71 81 25 15 89 14 36 75 49 02 18 52 68 57 22 03 65 35 12 52 26 45 100 19 91 99 48 92 41 50 13 11 82 89 77 23 02 64 97 51 66 66 54 85 23 75 87 39 09 50 90 86 47 41 04 37 91 04 28 83 53 93 93 
87 81 21 61 83 37 57 85 54 75 90 38 49 64 24 87 24 25 28 09 71 69 64 08 11 67 87 94 72 79 38 10 12 59 70 46 95 78 30 48 52 19 85 100 34 60 86 57 36 66 17 07 86 80 66 96 47 52 89 18 83 27 27 94 85 48 39 31 25 20 30 77 90 66 28 75 77 66 31 12 31 99 70 16 78 35 11 76 39 100 45 21 26 71 66 62 18 56 44 95 
27 25 71 16 42 50 90 18 15 72 81 45 70 51 60 99 85 23 75 23 22 19 95 99 42 60 12 11 15 07 05 41 31 27 08 72 77 49 89 43 72 21 40 93 71 99 92 56 73 18 30 94 88 25 44 81 36 55 92 03 61 48 95 43 27 03 14 55 03 54 97 75 75 36 67 45 87 10 52 59 27 34 05 67 58 48 47 45 55 90 47 67 38 42 10 64 96 75 18 98 
81 66 72 55 02 91 51 40 100 55 98 79 88 54 45 97 54 91 41 08 81 40 26 70 33 87 33 28 62 02 77 42 67 49 48 20 91 98 11 90 52 61 20 39 14 64 35 67 07 28 26 39 67 52 60 99 38 92 78 51 45 54 44 63 54 91 35 44 89 45 86 92 05 05 83 19 21 69 37 79 96 63 17 14 66 76 12 55 19 89 58 15 95 01 29 48 92 63 44 32 
08 29 23 12 85 05 82 05 74 71 35 21 85 03 35 50 78 98 56 48 39 65 14 33 66 43 80 09 05 75 40 64 03 14 28 40 71 09 96 44 79 31 16 15 33 50 16 63 100 72 62 38 88 76 70 53 70 01 13 74 76 52 90 30 18 17 69 88 77 65 83 08 95 98 22 79 100 38 41 99 61 03 36 48 30 57 53 99 57 65 24 84 69 13 66 86 81 34 73 58 
50 55 17 96 04 38 75 03 75 67 01 87 21 88 35 50 44 39 48 53 55 24 88 23 36 53 60 17 39 32 26 40 38 42 36 42 31 62 96 58 80 49 44 01 36 30 02 80 68 02 84 23 25 71 97 12 24 57 80 62 40 05 01 30 98 88 23 29 01 18 86 81 66 29 81 54 11 34 85 78 35 68 52 59 38 01 71 61 09 50 74 48 07 75 29 56 14 51 84 15 
21 21 95 38 50 27 91 12 60 75 41 95 42 45 05 80 45 75 40 53 77 66 52 35 40 81 90 53 83 26 67 03 46 13 41 47 39 83 58 51 58 99 45 51 43 49 30 39 76 22 43 04 87 94 38 78 26 79 82 61 04 01 63 02 13 55 48 04 38 06 54 47 56 50 97 50 50 79 88 25 52 30 28 38 75 17 67 01 96 48 61 51 48 75 52 61 82 100 16 71 
57 69 17 64 70 65 13 19 43 100 44 46 81 23 83 55 40 01 07 87 49 19 89 96 46 41 08 27 92 75 97 100 43 65 63 12 81 75 31 24 26 26 69 58 48 04 12 39 04 71 77 04 89 66 52 34 06 11 12 49 86 60 48 80 24 62 44 05 88 26 80 13 51 100 22 50 55 33 89 11 55 65 66 44 82 17 29 87 28 93 87 65 52 34 44 28 95 87 84 82 
12 15 46 14 66 67 64 73 52 04 83 06 20 48 01 02 17 82 40 44 74 27 08 25 12 03 04 59 90 87 92 53 53 90 19 19 08 82 91 11 37 25 17 08 72 69 09 40 50 01 35 23 79 94 100 90 97 55 100 38 42 44 42 46 33 60 64 40 41 54 03 29 30 71 37 02 39 97 93 89 97 28 63 75 21 14 17 17 69 68 06 62 11 48 07 95 07 71 87 100 
76 89 28 06 59 16 59 97 13 51 37 61 78 100 36 51 65 04 19 33 23 25 94 34 24 01 28 30 71 14 81 98 54 09 03 12 76 61 61 88 64 97 49 93 48 36 95 13 91 14 45 13 90 91 98 13 91 26 94 13 91 75 10 97 35 65 08 10 77 68 50 40 17 98 85 64 85 79 76 75 92 73 87 33 63 85 45 05 62 39 17 04 65 26 100 99 90 60 60 67 
79 09 58 95 06 42 59 90 73 86 64 16 10 03 49 24 39 93 28 52 83 44 55 47 22 07 97 63 66 57 81 96 65 39 91 71 32 01 12 56 38 28 72 48 82 20 71 20 12 51 71 95 94 77 93 15 83 90 78 100 46 58 96 62 48 38 84 32 90 96 87 27 75 58 26 56 77 49 75 41 99 97 87 44 73 79 59 08 20 88 07 65 97 54 27 45 43 10 28 32 
57 14 11 31 72 36 38 100 36 64 40 86 60 26 30 85 05 40 92 24 27 50 41 23 56 19 19 98 80 46 82 89 12 92 71 83 79 09 82 15 24 74 100 84 99 81 20 03 20 11 79 46 12 71 21 67 41 91 17 20 89 98 60 100 41 31 82 19 91 15 85 14 88 37 49 87 17 68 41 37 30 71 34 94 41 06 60 81 97 28 53 85 77 12 84 17 94 17 36 84 
83 72 98 23 08 98 61 77 66 53 13 47 24 98 40 16 56 52 49 04 31 01 88 08 64 23 24 10 91 11 93 25 83 42 47 42 40 59 18 57 12 82 55 35 32 47 02 87 50 50 90 80 02 29 87 18 03 63 27 45 25 19 69 59 13 68 01 52 78 70 60 89 52 66 75 83 12 77 21 61 78 10 41 80 90 79 97 92 93 75 88 18 93 56 28 57 75 28 60 53 
50 19 93 01 85 68 35 48 96 07 09 73 16 01 52 05 31 100 48 24 74 35 93 19 42 20 75 69 100 87 21 49 05 65 01 41 32 87 41 27 93 49 100 60 01 03 16 31 55 63 06 80 49 98 50 90 70 77 10 21 63 82 69 19 47 21 60 78 59 100 57 51 100 56 10 52 10 77 82 16 39 40 96 39 89 97 80 58 73 90 78 35 71 98 54 17 70 65 47 28 
16 03 78 15 10 39 66 19 15 99 87 05 90 82 95 79 78 75 36 03 16 66 37 86 63 42 55 33 06 01 12 21 03 42 87 12 80 04 82 47 03 68 03 92 01 50 70 79 24 58 33 91 75 69 76 37 11 30 21 68 82 85 89 84 26 75 95 57 31 77 55 33 44 10 76 45 59 98 75 34 07 59 24 81 27 99 69 89 81 42 09 62 26 97 98 51 23 44 59 05 
20 14 37 16 23 65 12 81 14 38 66 20 96 89 52 74 39 20 15 19 13 23 33 38 71 82 40 45 25 99 50 97 64 38 12 86 54 75 18 67 64 83 38 11 23 89 36 61 61 50 32 73 24 16 11 46 97 02 91 21 52 92 17 15 29 80 52 35 06 69 01 21 03 91 31 77 79 67 38 39 68 69 64 92 36 26 37 32 27 79 04 79 70 73 93 51 04 45 37 62 
65 37 82 20 79 13 48 58 31 85 48 98 05 11 41 40 88 30 23 15 08 79 93 30 03 37 80 06 33 16 67 50 04 49 21 83 13 68 92 43 05 91 92 09 54 85 01 41 14 75 55 21 05 99 50 07 88 81 13 72 48 31 21 04 79 93 38 43 13 29 37 17 71 81 77 24 65 29 65 78 56 71 98 60 70 100 67 09 80 31 80 80 61 53 83 92 45 20 34 57 
100 23 25 70 03 02 94 67 82 10 44 37 80 93 97 01 92 63 61 24 45 41 03 05 93 37 96 89 56 82 98 07 56 74 28 58 75 73 76 57 82 19 45 14 63 41 66 55 55 27 78 99 67 32 56 11 68 03 51 75 84 48 81 91 22 08 48 48 81 23 56 14 93 01 27 08 93 93 62 48 19 91 46 37 74 53 47 41 56 97 15 39 97 47 82 70 06 29 69 86 
04 25 52 48 77 78 55 69 22 68 16 92 10 14 28 83 66 26 23 21 75 89 12 23 87 93 92 93 73 60 30 28 36 81 76 12 11 82 33 84 50 100 76 59 13 55 94 31 81 68 03 07 57 66 29 95 10 20 87 35 31 17 62 19 49 89 82 59 71 14 95 20 14 70 30 78 76 23 60 08 91 15 14 99 32 42 45 42 13 32 28 44 100 89 14 48 30 95 59 100 
09 05 71 74 26 52 51 01 75 63 09 17 77 22 67 08 64 11 01 28 94 28 71 45 69 84 93 98 31 03 49 39 59 19 12 84 70 14 84 96 76 92 64 52 14 82 12 29 45 12 56 38 92 79 83 60 14 27 09 44 81 09 34 39 27 45 22 48 59 57 96 86 49 59 38 14 93 01 94 37 12 01 74 03 79 08 14 45 86 74 40 18 82 74 08 60 70 81 60 80 
38 55 66 86 65 55 51 57 55 44 93 66 96 19 21 27 78 86 71 16 60 10 33 93 35 41 05 05 21 64 84 10 70 49 47 34 03 97 91 57 92 35 75 88 05 47 66 83 32 36 98 43 97 82 36 32 74 40 36 47 55 71 56 24 20 03 57 74 51 99 83 43 86 57 82 90 55 47 24 86 34 73 29 30 55 16 13 80 07 100 26 61 71 82 36 90 84 44 15 34 
95 97 28 80 05 61 21 59 59 97 45 44 69 25 74 75 92 38 55 98 38 80 10 08 13 45 97 96 40 11 82 34 60 61 13 64 74 86 23 32 82 19 76 50 43 01 77 34 38 31 83 75 62 92 82 75 88 30 22 27 93 03 61 52 16 25 15 89 10 89 72 91 07 47 93 01 99 69 34 37 51 16 63 12 59 97 38 46 78 60 25 70 62 85 73 29 61 40 17 71 
28 89 13 35 87 57 35 86 77 21 74 79 88 88 43 47 84 80 44 62 39 68 83 53 04 56 81 65 47 98 87 74 38 51 60 24 60 95 61 88 67 34 67 54 74 09 52 57 88 48 70 27 67 05 31 71 12 11 87 58 60 25 83 49 27 43 73 86 89 85 74 55 71 92 60 44 100 12 52 87 59 74 65 25 78 95 47 41 58 85 50 17 09 32 18 88 74 90 25 62 
26 50 68 96 41 28 39 92 39 43 79 49 16 95 25 45 42 72 85 99 08 34 67 69 65 84 56 91 25 32 52 51 82 72 46 74 99 37 66 89 79 44 89 94 90 13 38 31 36 74 29 44 07 96 64 23 31 19 13 56 50 17 06 83 88 03 57 86 39 22 26 69 17 14 14 06 26 51 89 14 76 17 09 82 64 72 57 47 42 69 02 43 37 59 26 24 61 34 61 52 
07 38 72 23 51 86 80 29 88 20 42 64 37 50 45 52 73 01 98 14 22 51 56 58 09 33 34 22 66 46 25 72 84 96 46 34 81 26 14 69 45 55 32 33 56 28 37 80 81 86 93 02 89 49 11 49 81 44 70 99 90 46 70 25 42 16 58 74 93 72 42 89 78 25 74 86 05 62 65 85 47 10 38 35 58 48 84 90 44 05 88 85 51 58 09 44 25 18 17 17 
41 11 57 71 87 30 08 91 91 72 75 90 81 64 76 90 64 11 32 07 68 19 43 18 28 03 61 52 72 29 20 13 39 77 35 26 58 42 68 01 65 43 90 98 58 65 87 21 28 18 79 95 89 73 64 16 75 24 20 47 04 39 11 95 67 97 20 77 38 39 77 02 33 18 99 91 34 38 11 61 55 42 55 43 14 18 11 89 93 30 87 97 20 49 43 39 45 62 15 82 
100 91 35 33 08 34 75 41 23 85 54 29 26 08 72 40 78 34 80 70 63 66 18 82 66 60 20 10 73 86 91 25 76 77 09 35 62 35 28 84 19 33 13 97 40 36 88 69 69 19 91 31 36 60 64 01 20 84 10 44 21 52 20 97 28 80 83 90 14 62 73 85 94 37 33 86 72 72 06 40 90 96 70 77 56 86 77 27 21 38 22 41 89 42 89 68 21 72 57 35 
85 82 71 31 18 03 68 90 74 73 81 15 69 03 91 76 88 67 02 08 56 23 48 44 16 37 63 89 60 72 23 96 53 45 78 22 47 45 63 20 70 44 34 90 98 24 65 85 42 18 44 97 92 91 92 08 79 54 96 90 77 70 38 29 14 15 03 60 60 65 31 29 60 16 70 57 91 34 41 84 51 36 32 42 79 75 49 57 80 96 99 57 65 36 85 30 02 87 41 13 
04 23 93 63 38 62 72 80 95 64 63 97 100 94 39 78 68 39 86 48 87 84 56 51 71 40 33 73 79 73 85 34 96 78 96 85 39 19 65 86 83 27 82 82 73 72 59 92 63 44 91 49 28 46 51 50 38 83 74 68 56 59 01 03 88 48 87 78 67 51 15 49 30 97 30 54 20 40 45 82 83 88 30 62 85 81 12 22 63 85 89 70 95 89 72 34 37 59 12 55 
61 26 03 90 74 84 43 94 23 40 75 05 79 57 67 63 37 30 85 99 66 25 69 61 14 92 46 02 50 57 56 11 35 10 52 60 93 47 53 15 38 80 19 16 36 37 78 72 18 14 22 36 39 42 48 04 34 93 57 35 02 12 97 36 21 49 95 13 47 100 79 84 79 49 51 66 38 28 89 55 94 10 90 84 04 37 87 37 82 43 23 83 06 20 18 26 20 64 90 66 
15 20 01 45 68 51 10 05 30 98 12 23 60 53 06 63 42 92 51 23 86 73 05 91 44 74 68 63 89 09 80 04 28 80 48 48 30 10 04 60 59 15 82 18 20 40 32 61 31 82 35 69 07 91 59 50 64 79 65 04 87 44 07 67 24 07 14 53 16 17 12 26 84 46 96 03 85 27 15 67 61 01 35 19 91 46 20 06 76 84 09 62 28 16 80 51 74 93 03 41 
62 67 66 97 64 61 51 100 40 65 66 52 65 53 70 07 50 89 12 25 73 20 86 100 87 18 02 60 10 56 100 23 22 18 19 37 30 69 36 69 85 02 72 01 06 41 07 55 82 18 79 54 90 16 05 76 33 06 88 95 61 39 17 35 56 88 71 38 08 59 06 93 12 30 93 17 70 52 71 51 21 01 56 10 16 12 38 49 69 25 43 82 63 11 68 71 98 90 08 58 
48 65 50 59 94 94 75 16 97 97 18 18 97 26 27 13 89 16 13 58 40 07 91 55 17 58 77 67 47 36 24 47 52 25 05 98 18 32 13 15 80 82 84 77 07 10 41 48 78 53 57 17 59 47 23 27 56 99 93 54 86 68 100 38 92 57 35 10 40 99 76 19 80 59 95 39 20 87 86 97 39 42 66 49 88 88 76 95 39 68 48 24 36 48 13 27 56 47 88 95 
45 15 13 25 73 60 15 45 46 100 41 37 93 06 85 32 46 60 26 36 80 73 11 67 72 24 45 27 70 85 73 67 99 86 91 72 97 57 16 94 08 08 82 100 66 67 83 63 78 08 98 09 32 08 27 04 31 72 82 53 56 55 19 54 92 61 77 40 17 44 33 76 04 15 75 69 33 09 31 62 16 80 23 99 39 49 54 22 20 36 74 27 42 44 33 33 04 61 24 72 
05 56 47 60 22 73 28 06 81 10 20 96 41 42 46 79 90 100 100 62 87 25 40 28 68 72 12 23 33 35 94 89 42 40 48 16 12 27 73 92 88 92 39 80 85 85 58 27 36 10 88 22 86 79 01 54 51 64 28 35 50 22 75 91 61 74 58 25 52 31 16 39 74 07 18 59 43 27 37 78 88 24 51 74 54 03 79 04 66 06 90 15 27 16 57 40 89 15 16 40 
97 83 30 22 89 99 80 83 78 68 12 17 43 62 90 97 16 20 52 81 78 42 47 56 57 04 95 98 70 10 89 66 93 71 87 33 21 19 16 50 86 27 67 29 41 56 77 56 28 28 89 05 69 35 60 78 90 07 27 59 68 15 76 12 37 15 97 58 33 64 07 70 90 73 50 82 81 26 38 60 06 78 64 26 12 75 03 54 33 81 12 53 96 40 64 32 54 12 41 38 
75 100 59 65 72 61 98 04 38 35 63 43 64 78 69 28 05 23 81 37 04 44 89 51 83 05 34 88 16 75 77 91 74 36 07 97 96 04 01 85 91 15 28 54 93 48 81 97 70 13 85 73 57 26 23 91 30 09 31 45 83 07 87 08 42 93 04 89 49 56 26 39 71 53 44 63 100 25 11 21 89 47 46 45 72 20 88 01 28 18 98 10 24 36 17 18 81 73 58 29 
28 83 67 98 87 10 12 38 86 74 59 75 21 04 71 92 75 10 45 03 27 94 64 03 29 33 72 09 05 81 37 32 16 55 82 54 17 45 92 54 71 02 80 91 57 51 34 31 12 30 33 39 23 97 93 04 29 64 12 85 96 01 68 11 07 01 65 23 46 08 29 16 09 08 58 17 10 43 47 22 25 32 12 99 80 04 02 60 19 66 44 14 66 63 25 72 64 41 47 61 
48 75 76 08 82 85 24 92 79 70 65 55 53 76 54 32 79 55 91 49 20 34 62 37 49 38 09 12 78 55 72 77 81 99 84 62 35 07 05 13 29 21 68 81 96 21 13 26 27 55 74 99 41 88 35 89 25 95 100 55 01 71 31 81 69 67 43 03 73 99 67 53 20 86 34 67 58 98 93 85 52 18 35 92 05 69 80 82 64 31 36 64 01 18 97 21 84 91 75 09 
89 94 61 60 79 46 27 37 95 71 73 99 40 07 42 45 27 74 26 42 04 13 58 57 30 54 77 14 44 04 74 84 97 34 44 75 32 22 63 78 92 87 76 31 45 18 27 72 91 04 65 46 16 22 02 98 27 31 63 22 86 36 06 82 21 49 08 04 22 71 82 65 09 57 47 54 26 74 25 68 29 41 66 97 63 19 94 41 49 56 63 86 43 68 67 63 68 27 67 89 
97 100 05 57 08 51 10 34 24 86 53 05 27 18 01 41 89 46 81 37 53 95 23 95 62 41 09 81 67 27 21 15 26 25 72 34 76 81 19 51 19 23 55 45 93 07 37 81 52 69 69 04 64 43 98 77 84 59 10 02 85 30 17 11 07 40 96 34 20 14 84 90 88 91 34 80 97 70 60 01 91 29 04 54 23 54 30 06 12 39 08 96 21 76 58 27 15 53 60 86 
18 95 76 06 37 61 85 86 83 97 86 73 77 89 26 99 94 07 57 57 98 64 53 70 91 62 48 05 15 07 90 32 53 65 37 90 26 74 75 60 70 60 32 98 100 57 96 46 15 52 02 64 67 06 33 57 68 80 61 82 38 03 65 91 19 54 32 96 27 58 55 48 69 86 45 68 94 40 65 09 44 67 72 10 72 05 67 91 36 79 72 74 81 89 16 100 42 47 95 20 
04 50 67 72 35 11 91 29 02 56 89 45 74 60 07 97 16 73 88 52 51 11 77 32 99 92 83 40 38 77 11 93 26 77 64 13 39 06 93 93 13 81 37 86 92 43 83 60 67 70 11 70 80 39 01 31 30 83 70 67 11 33 59 89 09 74 01 100 31 93 92 44 25 80 29 16 75 63 75 41 32 37 10 64 75 62 94 56 96 15 74 07 47 84 47 08 57 47 07 88 
91 98 31 15 77 11 82 51 74 09 44 57 97 53 20 24 67 65 79 62 32 53 20 78 36 66 85 45 64 91 84 54 40 66 20 17 76 54 19 01 62 62 58 58 67 29 33 33 46 12 46 77 64 18 54 51 35 91 95 51 33 78 56 73 95 76 41 71 81 11 23 42 73 80 51 91 61 84 75 06 95 72 82 10 89 87 12 76 29 07 26 14 36 81 86 31 08 78 53 88 
40 75 81 64 07 32 54 67 67 28 24 13 52 57 74 92 95 85 67 24 43 44 37 79 77 74 61 36 03 65 24 42 39 56 06 97 39 11 63 05 91 38 17 42 94 90 33 89 27 52 12 69 47 100 99 23 73 59 59 27 75 34 68 14 41 25 10 80 88 25 36 78 62 05 71 56 46 55 96 72 58 07 41 05 58 39 27 82 50 37 08 24 22 27 89 63 04 99 94 91 
75 29 20 36 33 42 43 79 96 38 50 54 96 42 10 05 33 36 86 82 25 45 05 98 72 46 12 27 96 05 69 70 86 88 57 18 81 100 48 76 89 50 81 37 43 90 41 75 78 79 56 54 23 13 51 46 58 63 72 05 19 40 74 04 79 30 74 59 81 73 87 22 74 19 10 17 61 50 91 38 28 99 43 03 63 93 48 72 07 72 76 78 11 49 33 42 30 06 52 63 
31 90 84 04 09 93 20 69 94 63 58 74 61 100 76 23 44 75 94 03 46 21 80 57 69 12 50 50 70 01 12 100 91 47 55 51 91 75 19 85 37 76 10 49 27 37 23 70 11 68 72 57 88 03 65 08 67 14 57 36 66 21 87 08 67 93 58 10 67 76 46 55 03 55 55 29 91 77 51 53 44 74 09 83 77 73 90 95 38 99 30 56 19 68 63 37 60 21 46 79 
48 91 85 51 97 40 31 39 16 81 92 12 07 100 94 83 25 36 77 14 34 58 69 52 77 32 88 88 04 86 66 51 76 03 01 73 42 84 11 09 64 02 72 70 54 66 04 30 53 32 43 86 41 64 37 17 47 76 05 50 61 22 100 89 24 53 61 17 36 23 26 51 77 97 21 82 14 76 11 66 08 05 03 48 68 39 17 14 67 73 15 27 94 15 15 70 67 27 86 02 
02 63 52 78 60 24 59 25 52 21 43 11 25 45 10 45 36 26 58 54 50 73 80 44 39 47 65 57 25 50 58 26 13 61 03 24 37 13 100 40 33 94 50 10 91 59 54 26 37 63 79 86 87 10 81 25 08 45 81 33 47 90 58 59 03 13 34 91 25 85 30 10 79 79 19 69 89 24 46 25 86 76 63 73 37 43 49 45 88 82 77 86 23 34 96 77 46 29 19 23 
65 48 32 43 78 02 63 19 25 60 43 62 35 57 86 24 100 35 68 39 68 44 24 42 29 19 71 27 99 89 01 63 89 32 58 66 85 72 84 61 32 79 22 18 87 08 41 86 94 60 76 13 55 99 54 84 69 24 62 67 65 62 30 53 45 39 70 29 10 06 89 41 36 62 59 22 69 51 08 62 11 83 74 65 34 80 100 02 55 61 69 19 74 50 71 18 88 41 98 97 
46 38 90 81 100 100 02 68 50 61 82 12 96 07 77 29 86 28 82 41 89 50 11 62 51 82 32 38 74 29 87 71 19 76 03 18 75 56 37 76 17 18 88 64 77 16 92 62 43 25 54 83 75 65 97 77 98 28 15 71 08 53 41 26 80 43 95 06 98 32 81 66 01 20 29 77 35 72 91 30 97 96 12 23 60 08 51 09 87 65 79 47 69 71 24 48 65 19 53 15 
02 86 32 54 05 13 31 92 36 73 73 84 68 84 58 80 44 09 88 82 73 19 28 94 41 52 41 58 70 46 72 23 31 55 76 87 67 58 30 03 30 02 86 50 38 44 81 81 52 20 14 76 90 42 69 31 93 62 88 14 07 11 36 89 65 11 75 32 69 05 86 50 58 71 51 95 66 83 27 17 03 41 45 44 82 65 26 26 26 13 39 84 75 26 72 92 88 99 75 56 
55 60 58 12 82 60 07 48 43 33 16 97 25 60 40 58 77 66 83 02 30 73 86 05 98 09 48 86 07 22 93 61 81 02 25 14 62 31 61 04 15 29 52 92 40 91 49 16 56 32 70 86 56 07 42 54 15 41 91 74 62 35 86 94 37 10 07 50 92 20 05 59 100 56 50 39 46 98 07 54 81 76 39 37 82 32 42 48 72 84 73 85 18 11 78 54 72 36 55 64 
07 59 74 06 14 23 45 60 72 03 65 05 78 55 93 11 86 86 10 09 69 83 93 86 93 22 92 64 09 46 79 16 05 52 21 70 26 17 81 50 19 45 54 96 99 98 58 36 83 68 44 51 50 88 88 94 61 31 09 70 77 40 85 33 91 05 02 69 74 35 18 92 79 23 88 30 72 45 65 54 64 61 56 65 100 95 58 61 26 19 82 02 58 18 86 100 74 39 68 47 
73 37 39 04 11 78 33 82 74 97 35 38 57 42 02 57 37 12 69 62 82 02 15 39 19 100 38 92 38 58 39 63 94 29 66 05 06 98 86 79 94 73 16 03 66 70 11 54 33 79 15 14 32 81 52 50 80 41 93 70 98 31 32 44 11 49 100 16 46 37 47 91 61 14 93 27 83 55 80 15 85 47 28 16 27 31 65 59 24 58 28 73 40 11 16 51 59 15 18 56 
04 64 46 64 78 91 42 12 45 22 27 30 20 06 45 46 89 62 56 12 71 83 84 10 45 52 12 03 18 82 58 21 45 56 85 74 46 78 86 90 51 64 19 70 21 16 68 09 77 23 72 47 58 08 08 02 59 72 57 76 53 66 49 97 21 85 23 66 62 08 56 13 71 26 82 91 41 01 52 69 24 23 15 33 30 75 34 40 46 42 68 98 08 16 46 28 100 68 46 61 
75 01 25 97 78 59 88 71 59 39 39 34 13 06 66 95 80 52 34 25 93 01 74 100 16 19 80 67 39 25 80 65 77 04 62 54 62 01 76 73 91 67 06 03 72 24 97 51 75 83 27 19 83 100 71 51 70 50 17 60 26 96 25 02 52 38 07 13 38 35 85 28 01 43 82 72 66 31 74 92 13 100 62 47 51 32 49 20 33 66 80 58 13 56 11 64 93 70 29 30 
04 13 09 04 07 42 75 72 72 48 15 36 99 77 35 49 60 83 20 45 100 51 54 13 06 65 28 98 34 56 79 89 21 87 92 27 29 18 51 52 17 65 88 15 93 22 15 53 56 34 97 56 85 50 68 90 66 47 40 51 55 18 39 75 05 82 53 85 51 55 36 67 72 75 33 64 48 47 68 04 33 16 59 69 66 78 10 83 76 49 86 30 67 76 56 23 58 61 59 08 
15 46 27 86 21 59 50 20 58 69 23 42 85 33 10 02 62 71 84 38 20 69 67 38 45 75 12 54 35 70 13 49 15 39 87 87 50 88 59 59 56 81 100 40 66 61 41 27 31 77 64 02 97 83 91 93 57 02 46 91 23 11 91 90 01 77 28 02 16 86 60 72 19 11 63 84 23 04 10 06 32 26 07 28 08 50 21 64 51 18 06 74 28 48 63 29 77 90 30 92 
28 42 15 46 52 78 29 27 33 90 32 64 15 90 43 22 39 63 37 42 81 94 15 08 42 29 88 18 70 18 61 97 11 76 42 62 53 22 88 37 12 71 52 78 61 94 52 51 09 88 92 89 34 58 48 75 38 88 44 60 57 04 08 67 79 50 80 83 23 20 71 86 90 22 64 02 68 15 05 76 02 96 16 35 06 15 61 95 02 04 54 58 08 62 24 38 63 56 73 85 
