100 100 100
74 39 83 83 33 72 57 08 91 74 50 82 28 15 100 38 13 10 78 69 22 49 88 91 40 03 35 83 20 86 92 45 25 27 27 57 50 84 16 93 09 65 74 36 31 74 26 43 35 55 11 57 56 51 47 95 05 81 77 25 67 69 21 43 47 48 51 96 83 66 88 91 83 62 79 13 87 56 08 21 62 70 77 17 20 76 11 77 56 40 53 74 60 73 16 06 20 66 01 02 
84 41 45 66 54 75 30 92 30 37 64 91 07 93 60 78 68 22 54 75 61 06 49 20 31 16 25 50 34 78 04 17 70 48 34 23 74 63 66 03 52 29 45 58 21 04 87 88 26 41 15 38 98 63 58 28 78 34 30 63 63 33 79 32 32 64 06 05 79 71 59 30 100 03 87 72 59 25 60 36 65 74 73 15 88 82 94 17 16 75 80 78 59 10 62 42 26 19 46 04 
90 56 33 41 11 71 12 21 95 23 56 12 48 80 78 87 62 23 04 77 98 35 06 08 96 19 50 21 38 47 24 79 03 08 19 13 30 82 85 25 05 40 88 52 71 17 91 32 39 94 60 88 80 18 48 75 36 97 96 25 43 71 03 97 79 21 61 08 03 45 84 59 36 23 62 07 39 52 38 30 45 50 69 24 67 16 51 02 64 46 79 07 16 81 55 46 02 68 54 56 
12 89 14 100 12 27 06 50 79 95 31 75 44 100 51 62 15 01 16 79 46 94 37 13 74 43 59 27 10 64 34 74 52 47 73 63 74 30 65 04 24 95 78 20 94 28 81 61 28 48 91 25 41 27 38 15 21 48 93 31 11 27 04 62 25 28 77 50 57 41 53 32 35 31 51 81 58 84 41 86 31 31 10 24 09 99 38 29 46 82 11 08 08 66 70 33 93 46 82 49 
38 87 81 72 17 83 52 74 18 44 11 01 26 73 24 34 23 13 15 69 94 77 76 54 43 97 86 35 94 19 36 83 05 68 55 73 02 58 99 20 54 09 20 79 33 43 65 56 55 31 76 100 07 03 53 49 100 90 36 45 09 71 28 65 90 34 38 91 43 36 10 96 96 81 27 81 23 91 36 29 73 11 29 79 13 81 80 64 71 67 61 31 89 40 47 78 73 36 68 67 
23 30 15 19 10 41 99 33 83 86 13 55 96 41 85 60 74 16 76 96 82 36 26 70 27 24 99 51 60 67 17 82 96 31 52 05 71 50 89 05 87 02 11 82 94 96 94 19 63 69 14 97 56 91 18 34 15 17 84 74 83 52 07 30 83 59 86 05 60 27 62 47 80 72 28 73 19 73 92 82 93 57 78 100 48 47 33 14 63 68 39 97 20 45 78 54 55 64 10 15 
90 71 61 69 43 40 93 61 13 36 94 57 93 23 57 92 70 41 57 32 09 47 29 80 43 06 33 98 21 42 12 62 13 72 82 07 11 27 19 75 62 13 32 06 35 88 49 04 80 57 88 88 03 68 19 46 25 51 43 98 45 06 59 09 77 93 15 39 19 85 14 32 97 45 38 84 84 38 39 63 95 78 03 49 45 21 46 70 24 40 67 68 45 77 76 73 69 42 12 39 
78 77 71 75 21 60 10 56 97 48 18 43 26 72 92 22 93 89 43 16 29 09 35 73 38 62 46 58 03 09 97 80 85 67 06 57 78 67 12 74 15 29 69 92 53 12 13 45 100 08 12 28 68 46 53 05 07 50 63 61 58 11 92 42 29 98 98 06 64 61 31 30 89 99 73 41 10 38 37 62 45 48 41 12 93 93 69 51 42 83 11 51 93 03 44 21 52 41 26 67 
01 56 49 42 07 21 34 68 10 23 29 54 70 22 18 15 14 86 65 08 20 76 58 12 30 02 32 81 94 09 47 47 16 47 40 22 68 73 90 29 47 70 83 17 91 52 83 57 89 47 64 08 74 73 19 55 26 02 35 72 62 34 18 77 80 57 51 99 81 40 28 28 61 62 96 52 65 78 60 53 76 23 12 02 47 30 56 73 83 43 44 96 76 13 24 07 21 74 58 01 
65 37 80 26 50 27 29 14 04 88 66 32 62 77 33 60 58 88 84 92 30 79 87 57 91 62 16 11 36 25 64 100 61 95 77 10 22 57 23 77 44 40 08 57 68 40 17 77 80 100 20 61 79 58 18 21 19 85 84 54 09 99 06 21 45 82 30 66 39 04 95 34 95 54 43 14 46 59 90 25 10 61 85 40 18 54 13 36 90 96 42 98 46 47 18 90 80 99 08 70 
54 02 04 48 55 98 61 52 56 02 76 17 62 13 09 31 18 21 67 08 16 60 57 13 58 27 02 37 25 61 59 79 62 14 78 69 11 39 20 18 92 48 34 54 12 42 84 29 62 02 88 29 13 45 93 70 71 95 59 47 55 17 77 69 30 55 89 40 45 60 57 36 59 42 41 70 36 77 51 97 78 38 78 91 34 70 12 04 16 70 03 23 38 79 43 67 85 83 58 29 
42 66 65 53 60 57 22 95 33 24 43 63 62 20 05 47 42 16 03 09 38 05 31 75 35 73 94 20 55 03 48 49 21 64 01 80 21 74 74 53 98 68 15 11 40 19 57 81 87 59 89 24 15 72 98 50 44 91 69 51 94 16 99 14 32 51 45 52 24 70 56 73 37 71 35 76 41 92 08 27 02 49 50 17 20 100 18 15 90 86 65 35 53 15 100 84 65 44 87 41 
65 43 65 02 13 100 29 05 43 89 32 96 89 33 64 60 32 81 74 22 18 91 08 71 57 08 06 22 03 93 14 68 87 78 21 99 29 01 55 71 41 86 67 29 71 30 88 02 63 14 75 80 04 35 02 12 42 60 33 96 52 98 15 90 76 87 88 56 40 94 27 32 32 45 61 02 26 100 55 88 65 30 20 20 64 21 32 57 32 64 04 83 14 19 24 41 57 11 96 48 
57 22 80 88 18 40 89 44 91 43 83 56 24 02 75 39 75 06 95 06 22 51 41 35 21 64 75 77 27 70 25 83 44 04 22 61 95 10 56 37 04 39 92 80 92 19 18 18 24 65 24 97 15 16 31 35 31 57 63 09 79 39 43 22 94 64 34 40 25 90 77 81 28 20 60 71 38 77 89 14 93 64 10 07 31 93 93 61 49 56 22 27 46 64 100 40 28 34 79 04 
23 07 84 02 27 95 72 16 24 60 29 16 23 91 75 05 83 67 66 83 74 87 62 20 02 61 11 29 46 41 85 20 48 20 21 74 15 93 41 90 04 70 05 79 60 31 83 94 98 100 76 23 38 89 94 40 02 04 20 47 45 04 19 44 24 39 69 90 83 09 79 39 78 35 17 89 66 51 34 15 51 62 37 88 50 31 27 03 86 47 02 82 02 20 25 77 58 93 18 93 
54 96 31 83 83 47 24 48 49 57 14 51 18 50 39 20 32 17 22 70 15 23 51 69 42 28 45 52 72 63 44 77 10 74 60 92 72 83 91 20 39 04 71 09 06 61 28 89 29 49 58 44 72 61 12 65 40 08 16 63 70 59 40 32 32 99 23 55 81 14 75 71 69 97 79 74 09 58 63 37 07 72 32 30 84 43 94 23 03 10 86 72 68 25 03 52 75 78 06 07 
43 32 77 11 80 08 37 88 17 51 25 23 22 08 04 58 03 98 80 05 59 17 28 26 93 83 29 67 60 35 73 02 66 02 64 46 61 52 85 77 02 61 52 76 69 55 33 71 04 64 75 62 81 02 40 73 84 68 40 95 54 64 96 20 65 12 17 77 63 01 54 17 62 57 92 82 63 76 52 67 39 26 80 19 79 71 44 63 91 35 57 44 98 05 15 15 68 31 91 82 
84 96 98 97 52 41 78 67 16 29 85 55 06 16 25 84 87 20 98 77 54 55 20 52 11 87 18 30 17 60 11 52 56 09 48 59 01 77 25 17 57 09 23 62 25 99 98 63 19 95 39 72 01 10 75 11 96 44 40 65 04 03 68 59 63 68 69 63 44 94 31 01 54 53 14 30 52 11 92 22 06 82 93 58 44 20 69 91 63 60 55 66 14 75 76 76 42 45 39 37 
90 69 89 43 74 03 25 25 65 16 98 70 50 42 28 93 61 48 83 76 59 90 93 73 64 21 100 05 65 38 93 06 59 82 100 32 36 24 08 100 92 05 22 41 46 01 33 59 48 15 34 58 04 78 82 19 98 82 75 14 71 68 71 29 49 71 12 84 94 19 35 85 75 56 25 73 56 09 31 55 24 16 13 79 93 46 98 43 79 72 08 50 91 79 30 91 49 94 74 94 
64 61 79 39 16 55 11 72 64 93 26 39 08 90 69 52 36 66 46 66 90 54 67 32 32 97 23 32 42 48 25 05 08 55 43 24 62 05 95 25 49 20 15 56 62 83 60 97 01 05 62 42 10 81 73 41 77 95 72 70 95 97 74 02 03 69 25 64 25 71 40 74 43 54 81 04 89 40 52 41 97 65 82 06 45 06 47 73 53 70 42 47 18 16 48 21 36 25 84 60 
95 24 33 89 29 66 92 69 05 43 09 53 60 42 59 04 48 57 77 100 26 70 46 96 37 45 16 72 69 51 84 64 26 68 52 55 33 96 75 38 90 84 42 49 25 100 05 24 56 33 23 34 02 20 29 39 65 96 10 33 46 45 48 24 13 52 78 45 47 04 34 36 87 76 37 64 75 41 87 83 73 62 68 26 81 48 64 45 43 26 78 40 70 25 63 82 28 92 27 74 
96 12 62 34 87 50 49 62 90 36 96 14 49 63 39 29 10 55 74 04 32 03 95 01 79 58 35 07 01 13 32 48 24 45 82 11 94 30 24 35 17 19 48 65 33 39 46 42 45 71 97 76 73 91 76 03 100 62 61 01 74 93 48 98 37 81 60 31 63 83 65 31 53 65 48 85 55 93 78 99 63 74 74 87 64 01 89 64 15 50 64 88 94 63 37 30 96 48 12 58 
30 77 40 34 93 87 18 47 31 95 97 93 68 22 31 84 74 20 47 88 21 62 28 14 76 16 95 71 64 07 80 45 35 72 31 27 58 48 25 89 95 73 33 62 94 64 97 19 35 43 59 07 56 86 20 32 53 14 54 68 72 86 65 06 57 95 84 14 94 08 54 88 80 87 02 25 02 98 44 88 93 54 94 48 39 13 31 43 78 37 11 02 22 75 07 78 21 91 43 14 
50 97 02 82 35 55 58 88 52 53 75 44 06 68 44 96 32 26 39 61 62 01 62 83 27 21 12 47 63 55 12 64 03 13 45 89 19 55 28 71 07 02 66 13 21 61 60 04 87 98 16 48 98 30 83 76 50 46 22 64 52 34 27 54 98 24 94 17 78 73 39 84 74 56 48 46 17 08 01 03 57 17 02 07 46 36 82 47 82 56 10 85 89 36 39 38 59 84 06 88 
57 96 72 82 52 71 80 68 30 80 22 87 48 75 45 45 63 26 91 96 81 100 80 21 88 70 11 98 54 16 38 62 64 09 95 15 31 74 34 13 06 55 99 05 81 43 50 43 20 40 38 01 92 18 73 31 87 83 80 92 51 17 53 14 77 100 28 08 25 61 20 82 67 70 87 47 64 36 90 35 75 27 35 18 96 60 48 83 42 80 26 92 96 31 05 73 30 32 32 54 
44 03 36 10 24 22 57 87 09 98 21 35 76 08 53 72 67 52 06 60 31 31 52 79 61 08 03 90 92 34 96 35 88 83 97 11 56 05 49 64 02 21 98 77 80 02 100 46 06 05 58 88 88 09 66 48 16 68 90 59 53 85 94 40 19 42 50 74 46 50 89 47 71 86 75 50 40 27 48 45 31 05 32 18 65 50 18 32 17 07 91 22 43 36 61 61 77 63 86 22 
12 74 20 82 11 46 84 50 72 31 46 55 87 30 24 51 79 41 82 47 99 24 68 93 59 81 53 35 43 90 56 06 63 75 40 26 73 23 27 44 05 73 50 91 54 74 41 32 66 74 30 65 98 50 57 56 82 62 43 76 51 98 81 66 25 20 43 97 42 69 92 46 41 42 88 94 15 28 77 80 54 59 96 03 60 05 10 41 66 52 16 68 50 96 85 26 68 27 22 61 
96 65 59 88 06 46 34 72 26 62 04 79 20 99 81 31 03 90 71 20 42 38 40 43 86 24 68 53 03 41 13 98 05 71 37 63 17 22 34 94 84 37 72 55 88 04 86 42 45 08 14 38 46 53 80 31 76 99 35 30 39 99 27 44 22 16 06 90 37 91 83 72 28 54 79 67 09 16 08 53 23 21 91 20 25 22 02 53 21 36 82 59 87 61 54 08 76 11 97 64 
02 79 36 81 84 66 99 92 81 58 44 55 31 86 75 55 08 76 07 28 64 89 38 50 49 92 09 24 02 05 39 55 83 26 87 18 91 85 09 71 43 04 26 73 90 52 27 49 79 34 76 42 22 13 43 22 56 51 97 58 07 35 64 41 61 51 58 03 35 66 74 77 70 51 49 11 02 28 59 80 13 86 74 86 98 68 07 54 71 03 63 77 37 78 18 49 28 75 52 15 
93 77 43 14 27 44 76 80 71 34 11 83 19 84 68 68 04 74 73 74 28 87 50 16 65 19 65 44 46 68 58 38 96 01 03 22 96 78 53 66 11 63 100 81 99 67 100 02 92 73 27 19 59 76 86 75 47 50 19 92 69 28 81 64 80 83 37 75 12 89 40 74 04 91 54 54 57 53 07 100 77 33 70 88 60 56 62 06 57 80 49 26 60 29 41 39 63 78 14 74 
18 05 47 73 96 52 26 04 57 84 04 33 16 73 72 28 28 34 85 37 65 34 62 24 14 54 63 77 31 28 02 01 32 01 73 27 52 51 31 60 34 86 45 02 10 16 81 90 49 65 26 66 50 39 89 64 92 03 92 23 30 93 23 62 45 47 40 97 97 22 08 83 07 52 36 69 20 16 58 20 32 83 85 82 21 74 45 64 28 36 86 58 80 60 19 25 07 10 73 55 
32 32 89 90 36 24 10 55 39 67 74 71 49 11 04 21 36 48 85 63 35 22 20 66 34 90 42 92 100 14 46 83 46 35 24 33 10 34 87 01 100 12 23 01 22 26 73 57 73 57 72 59 31 91 24 64 33 66 55 84 31 52 66 28 38 41 60 48 26 46 48 78 58 70 30 31 95 02 40 19 11 11 77 41 53 52 56 85 17 10 68 48 13 85 27 51 78 87 98 03 
84 97 32 93 66 61 24 12 63 63 30 25 25 58 17 77 09 72 62 78 33 81 77 45 66 03 95 43 41 44 97 25 40 29 17 57 89 92 20 03 06 01 79 30 58 95 59 19 18 20 96 02 52 24 99 17 26 45 11 67 89 08 43 80 36 59 37 76 03 56 79 08 57 57 90 66 04 48 84 21 19 31 75 70 54 73 87 32 17 49 50 05 56 92 37 43 02 25 19 04 
32 97 12 88 05 01 06 08 100 41 81 18 24 55 39 77 27 25 60 43 74 09 100 81 100 36 24 02 12 42 05 43 90 68 83 94 20 88 54 71 80 34 88 03 40 27 80 66 03 91 60 28 100 11 61 51 98 84 52 09 77 09 52 66 28 34 11 100 73 64 70 52 49 10 55 40 36 86 57 90 28 17 70 27 79 30 78 77 65 81 37 41 41 40 58 21 25 68 20 97 
84 89 01 84 98 07 24 85 44 80 27 71 48 48 98 27 77 27 55 93 59 43 85 100 83 42 20 07 61 39 56 44 79 56 80 29 14 03 13 57 34 91 27 82 38 76 60 14 54 66 58 13 08 42 12 90 83 83 49 44 73 04 39 51 11 70 79 76 72 44 32 58 34 10 91 72 38 50 37 91 15 95 03 22 88 66 64 23 48 64 18 72 19 56 75 81 78 05 56 01 
48 87 58 34 48 48 05 85 97 93 76 63 39 78 37 27 96 52 49 95 15 18 67 33 73 41 13 02 97 20 03 45 06 60 78 05 08 34 90 56 78 17 71 17 46 59 95 41 10 95 36 76 12 54 08 36 46 72 38 42 91 40 38 48 51 15 52 10 100 93 66 78 09 88 46 55 46 40 47 07 86 82 82 97 87 41 84 84 64 21 26 54 12 63 53 63 30 56 72 81 
01 89 58 09 28 03 15 73 94 62 79 79 95 12 27 82 52 11 65 15 83 42 20 95 57 24 09 86 80 80 66 80 21 76 40 48 30 55 73 24 68 03 54 62 15 81 95 18 91 60 33 25 53 04 71 09 28 79 46 59 11 64 90 31 39 29 30 68 35 54 43 02 57 97 64 23 77 58 40 19 69 72 43 22 28 14 82 55 44 28 13 54 43 02 36 33 82 66 52 17 
19 95 70 27 91 33 49 19 43 89 89 63 12 83 84 39 48 18 45 92 97 09 45 39 62 33 71 44 50 22 12 20 68 81 47 10 66 95 28 60 35 16 22 99 99 58 37 46 75 34 89 23 42 34 61 04 66 83 47 15 56 10 34 24 42 32 33 59 79 13 18 13 80 92 63 78 49 100 76 75 85 64 49 26 49 09 29 66 43 27 32 98 36 18 73 78 49 58 88 79 
70 06 44 49 97 06 79 97 57 06 23 41 21 71 67 70 31 95 35 25 22 19 74 09 36 47 38 36 56 26 15 77 83 58 77 31 63 55 27 72 12 01 12 33 23 78 02 53 25 88 77 98 58 50 06 93 48 96 81 03 21 95 79 03 04 08 33 18 62 11 89 26 63 01 58 85 30 11 37 06 50 65 03 08 66 61 100 66 56 80 68 28 26 99 82 29 06 66 47 19 
76 87 44 90 87 53 74 69 63 62 74 65 78 77 72 43 89 23 08 96 55 28 23 80 78 04 61 35 21 59 53 48 45 49 37 32 53 10 52 68 71 25 32 48 53 03 42 41 25 50 36 31 29 10 11 06 13 23 40 85 81 44 32 25 44 68 08 97 29 59 64 99 84 47 98 36 49 92 29 25 93 16 56 21 26 18 78 90 40 69 75 20 12 06 96 08 26 04 04 54 
62 19 53 97 65 02 85 65 93 65 41 85 80 96 57 05 65 34 95 56 02 69 75 66 26 23 73 51 26 28 05 39 98 09 88 14 10 72 78 55 36 70 91 15 66 100 72 82 85 66 38 87 86 64 04 11 86 76 62 63 55 66 02 52 74 89 65 35 12 94 41 99 63 32 65 80 83 36 62 67 01 99 53 86 14 08 97 100 83 10 14 89 75 15 40 100 55 04 34 18 
97 75 16 12 58 33 91 40 68 52 06 21 02 11 58 16 18 06 67 53 15 80 41 89 47 81 40 53 36 74 71 85 100 38 96 09 70 86 48 90 90 05 10 91 15 67 58 33 73 76 37 87 08 77 28 54 09 67 58 45 92 80 81 43 18 76 51 39 13 98 28 02 55 89 45 69 56 54 53 80 30 89 18 37 66 45 42 74 64 99 70 07 79 50 02 48 77 52 86 90 
02 66 43 56 06 87 24 61 41 29 92 22 17 10 10 34 06 51 08 21 01 29 80 79 79 81 78 55 32 16 96 33 33 39 40 38 25 64 51 17 92 42 90 60 03 99 94 09 49 53 81 50 81 60 80 11 40 10 18 72 25 13 56 57 51 96 94 28 11 44 96 54 38 86 65 40 84 58 48 85 10 29 86 43 88 65 53 80 74 70 03 50 35 58 06 85 05 52 64 67 
47 60 72 84 97 37 24 80 46 23 64 08 03 01 50 91 66 02 22 91 24 24 93 58 33 50 94 38 01 10 56 48 21 80 83 17 16 06 48 13 29 64 20 31 64 69 73 81 23 94 24 98 69 16 07 02 65 52 91 66 61 46 65 33 25 47 49 92 05 49 05 33 12 76 15 75 45 40 56 19 85 79 16 54 46 22 55 10 73 45 27 86 42 91 18 19 90 19 62 94 
67 66 78 78 42 92 04 38 83 11 56 68 41 23 21 86 96 27 96 20 23 74 05 16 17 75 34 06 45 96 51 11 13 28 40 06 71 95 95 06 06 50 73 46 24 45 84 19 23 31 39 97 04 95 12 20 69 98 77 65 45 79 75 09 58 66 15 81 13 09 86 18 11 58 15 34 54 98 05 76 28 43 72 84 37 35 03 58 32 32 22 28 10 49 37 68 66 03 48 78 
11 85 95 73 94 62 59 47 59 63 74 39 57 97 22 93 31 76 02 15 59 76 42 21 24 78 40 89 80 39 67 43 23 13 67 16 74 25 62 85 39 87 75 95 83 48 40 65 75 93 79 86 68 21 06 91 50 45 32 82 35 50 76 57 14 42 24 40 19 37 76 57 23 50 04 05 49 95 69 23 87 100 08 55 20 65 97 21 61 28 02 95 29 77 51 43 71 74 82 89 
10 57 97 84 58 100 88 58 94 09 80 33 08 40 87 79 56 83 51 17 63 05 11 43 33 14 85 03 39 18 43 49 26 40 84 35 91 24 92 37 32 24 69 91 63 07 21 18 41 71 86 03 75 97 98 60 62 34 62 100 52 57 100 29 48 84 64 38 07 55 26 38 30 46 80 92 52 100 62 93 22 99 47 49 95 44 08 56 78 21 08 81 77 07 61 24 90 24 14 96 
31 91 85 60 37 16 04 88 67 17 32 89 15 79 89 62 74 96 69 03 68 76 35 97 83 96 72 72 19 85 20 01 76 56 13 64 72 16 51 38 84 83 78 98 13 66 11 86 13 80 41 33 55 75 29 37 70 100 61 41 37 32 41 12 87 53 75 10 20 77 48 03 11 77 53 23 43 63 61 07 42 53 39 49 27 67 37 97 19 49 89 55 80 29 18 19 34 44 28 05 
20 27 60 83 04 12 57 98 26 69 04 20 21 43 68 48 61 04 96 79 53 84 33 84 64 02 02 97 45 82 54 17 08 13 99 63 76 55 60 01 24 16 72 44 58 39 43 70 95 38 01 99 21 85 82 85 87 36 33 31 17 86 47 76 50 97 39 77 04 98 30 27 13 01 22 22 40 65 44 86 02 44 84 75 28 65 11 14 52 43 97 68 81 95 44 30 92 34 59 95 
83 88 73 48 88 94 69 79 10 64 64 64 07 47 90 87 64 100 52 15 42 48 35 22 95 30 04 86 63 62 32 45 01 04 92 88 49 13 67 11 76 82 74 35 29 63 21 92 62 24 06 55 72 92 29 66 21 84 03 83 97 86 80 97 89 71 84 89 35 02 99 11 84 24 97 64 38 69 07 51 92 64 06 15 56 86 32 76 69 34 59 65 19 38 13 59 60 48 100 95 
50 50 57 85 74 05 48 63 73 06 14 64 69 71 79 24 08 10 100 76 96 10 92 66 47 04 25 58 51 76 04 52 25 12 88 98 16 87 61 88 92 26 04 61 48 34 84 55 95 83 30 90 44 73 56 42 28 32 100 30 07 03 82 31 15 69 81 82 56 93 70 47 70 73 07 17 06 43 71 100 77 52 42 21 76 49 62 03 32 61 32 90 16 65 72 82 86 52 63 41 
96 84 39 17 08 98 33 65 40 55 17 16 58 58 88 33 06 50 87 89 62 71 78 29 35 49 62 20 53 77 12 48 60 51 65 20 48 49 84 39 04 100 06 61 57 94 46 14 95 32 02 56 02 31 37 89 80 98 08 32 74 20 31 86 22 95 05 69 96 40 59 51 40 64 11 48 09 08 14 03 92 67 11 93 98 47 33 77 96 41 60 22 12 90 59 33 37 15 53 32 
54 11 82 45 26 44 93 87 04 06 89 95 72 51 39 21 49 72 97 97 12 56 18 23 98 28 07 34 42 59 65 47 21 98 92 98 93 36 84 96 41 25 90 64 27 29 37 76 100 33 24 11 41 41 85 38 20 43 71 61 01 87 07 73 36 50 70 28 85 06 24 77 82 13 41 08 41 29 35 40 61 58 02 53 50 38 42 69 80 64 29 32 50 88 04 37 89 26 65 74 
83 88 50 64 100 42 71 93 70 06 84 83 15 38 35 65 75 77 33 07 40 14 38 42 53 94 78 41 71 94 14 53 81 64 68 33 57 38 77 27 95 60 61 10 97 47 74 24 23 58 30 15 71 19 08 23 64 37 64 34 31 29 38 11 44 05 95 01 95 71 79 41 31 39 02 79 85 27 54 60 85 83 26 07 54 85 30 69 21 45 03 03 73 92 14 17 49 60 69 95 
31 47 35 13 37 89 43 73 15 97 84 99 31 09 58 36 93 87 05 66 31 59 68 55 50 33 23 50 93 91 44 75 89 31 39 77 19 81 50 85 29 33 36 60 94 93 95 38 79 99 03 61 09 23 67 59 55 90 60 99 32 56 25 73 86 63 49 56 96 50 40 24 35 27 83 28 19 30 17 49 80 72 61 89 94 80 99 100 69 58 51 52 13 75 24 50 90 25 57 85 
74 49 08 08 75 43 87 94 24 04 94 03 75 55 43 20 86 41 19 06 51 69 57 15 96 33 65 85 57 21 21 82 69 28 42 96 22 28 41 45 83 34 48 57 40 42 76 25 83 47 30 85 67 39 99 62 71 15 98 79 88 18 12 08 98 53 03 19 33 43 64 15 29 63 24 68 04 51 45 38 97 26 22 16 64 21 77 86 35 27 16 22 44 28 82 93 32 84 12 64 
27 27 79 07 89 54 26 44 04 70 82 01 96 03 16 11 75 44 49 62 22 64 35 18 43 16 10 75 100 21 90 78 47 20 84 87 73 09 31 77 31 12 29 78 66 96 40 41 91 88 02 13 04 36 30 98 52 91 24 03 64 14 80 62 33 15 49 06 75 79 34 05 42 62 34 07 09 74 99 99 13 100 63 16 88 44 14 91 35 37 93 98 02 24 59 35 90 59 92 64 
37 77 21 30 38 54 37 98 79 35 96 92 87 11 07 74 54 72 16 88 61 60 37 62 83 48 96 72 06 39 87 43 15 07 24 04 13 60 01 91 47 49 82 85 59 41 10 12 12 25 52 72 84 88 86 18 35 81 41 41 72 27 35 86 86 10 42 50 22 42 40 68 42 74 04 100 66 13 64 77 37 15 01 72 54 86 89 41 18 29 33 41 07 19 27 92 28 68 41 49 
61 33 68 03 58 71 54 23 83 17 51 71 83 03 42 89 40 82 29 10 62 13 50 69 83 76 12 10 95 53 11 56 37 30 10 46 01 63 68 35 32 70 06 14 73 99 02 12 33 82 21 94 46 23 62 28 50 74 90 45 78 52 52 66 81 13 11 81 75 78 68 06 47 25 72 71 23 25 35 07 59 07 01 04 29 14 84 79 87 73 75 16 24 78 81 56 90 91 37 16 
20 04 74 19 80 45 41 54 21 75 61 79 82 61 35 62 26 18 40 65 42 66 80 17 43 13 72 84 55 60 100 75 15 73 45 94 69 85 48 41 12 08 72 93 20 06 54 45 75 46 09 68 63 41 84 06 53 07 41 07 67 40 33 81 64 77 27 84 14 74 25 25 33 96 69 52 53 74 48 27 71 09 46 34 49 29 39 01 35 79 59 53 71 92 34 86 20 60 70 85 
85 46 09 17 93 29 20 97 03 19 75 73 27 20 58 75 48 48 27 34 27 38 87 49 29 72 34 100 83 55 85 67 52 45 35 96 26 06 92 80 24 66 04 51 85 62 77 84 09 04 70 87 93 56 35 73 79 21 72 61 27 08 79 79 05 13 26 82 70 18 61 93 83 64 43 20 25 20 03 34 75 72 20 19 79 07 91 57 27 62 69 05 22 47 35 78 11 61 59 80 
78 19 25 12 82 67 31 59 38 86 92 64 09 63 82 40 69 72 48 47 86 17 52 59 15 86 36 78 46 94 09 23 64 33 87 97 100 69 55 89 54 46 05 15 61 38 06 29 62 53 76 47 21 27 05 36 64 92 65 10 85 73 84 100 06 70 96 57 39 51 97 44 48 01 10 08 39 15 37 100 20 64 98 40 90 54 27 53 45 91 14 81 64 98 80 69 19 27 77 09 
77 73 05 77 26 14 84 64 81 72 15 100 35 64 39 76 17 18 81 61 08 94 93 71 43 24 91 62 50 19 22 79 92 26 55 69 92 38 84 72 62 98 71 96 61 61 24 29 78 04 41 38 49 33 60 92 08 03 05 57 21 26 35 64 04 89 32 95 79 15 18 40 64 40 87 76 100 10 04 30 65 44 19 14 28 78 05 35 80 61 44 01 38 78 64 41 19 96 87 97 
62 04 88 26 43 74 01 95 36 05 76 100 100 94 13 80 71 69 66 51 81 09 03 19 39 66 11 57 13 50 05 27 53 92 52 48 17 04 42 52 08 69 52 60 62 16 39 32 37 04 34 17 65 36 87 03 54 98 59 18 47 63 44 51 06 47 98 22 51 91 26 10 59 29 21 20 44 11 04 80 15 89 49 31 77 35 33 30 32 91 99 30 05 95 81 62 41 30 83 43 
21 08 05 79 88 25 51 32 36 06 63 02 94 63 32 70 98 64 51 81 06 50 11 62 44 43 23 36 72 05 31 44 65 35 75 52 59 25 35 94 82 50 95 75 12 78 97 09 41 47 42 98 48 04 59 43 46 81 31 69 38 61 13 54 95 87 05 53 63 92 99 96 93 45 70 04 23 18 65 63 65 58 61 64 61 71 07 06 52 37 26 89 97 38 42 43 76 98 47 90 
41 45 85 33 90 07 89 12 24 05 26 40 62 38 04 22 09 62 79 60 98 04 100 46 94 93 40 21 90 86 11 83 31 47 67 72 05 55 35 81 11 12 72 72 50 75 45 10 88 23 21 37 79 20 34 72 64 73 92 05 59 54 87 41 53 54 64 57 60 98 89 71 09 61 42 10 87 87 19 75 61 91 11 39 62 97 62 25 69 54 30 79 59 16 19 11 69 82 20 29 
31 08 51 40 68 92 01 55 30 72 81 43 62 43 81 24 39 43 48 08 48 77 86 58 45 57 69 13 38 40 93 69 47 43 60 67 87 60 73 68 31 53 10 45 95 43 68 34 37 15 41 84 44 78 93 88 34 61 52 24 52 97 92 99 91 03 17 77 62 89 45 45 41 06 89 35 48 08 20 84 74 60 19 17 90 12 56 23 24 08 46 76 04 89 26 94 91 42 23 05 
30 19 01 70 24 89 56 72 96 76 55 21 87 26 38 76 37 93 51 12 52 48 87 55 89 12 01 79 53 75 35 34 93 35 55 16 75 63 87 22 38 94 43 76 71 80 04 07 24 54 18 76 53 57 82 41 68 82 72 73 56 58 58 100 93 13 16 67 75 54 41 64 99 83 39 69 14 42 75 37 47 45 12 52 01 46 92 20 79 15 44 87 73 02 86 17 66 01 35 40 
07 75 55 05 57 93 74 70 87 100 59 85 96 22 36 96 67 80 68 46 94 11 32 18 12 69 34 77 22 69 68 28 43 22 84 52 67 57 73 05 09 31 89 04 53 77 52 19 56 19 16 49 81 99 67 45 68 52 73 41 72 41 68 15 14 03 18 32 60 90 88 20 21 29 23 73 05 26 43 60 96 11 08 77 09 26 21 28 30 93 68 01 85 87 67 51 90 84 82 01 
74 22 72 46 50 46 70 54 72 64 13 67 74 72 43 35 50 15 14 79 08 34 79 92 72 98 42 61 81 76 13 06 97 84 03 46 30 72 51 53 36 63 19 61 34 14 47 35 28 61 13 35 94 44 79 65 41 72 78 73 99 42 79 95 78 81 92 59 05 42 11 92 56 29 52 42 94 99 76 22 11 41 08 04 84 38 20 76 10 97 100 08 91 30 55 68 63 98 26 67 
40 36 58 47 16 61 88 10 11 64 83 21 04 42 76 39 80 96 66 41 44 65 100 34 95 54 53 09 52 78 75 43 65 84 89 81 96 77 42 07 92 76 79 47 17 55 37 48 02 54 88 45 18 88 31 64 93 35 72 96 13 98 38 77 81 79 09 29 07 02 35 98 77 13 96 46 67 84 45 20 37 33 17 06 72 47 70 64 33 93 12 45 43 49 74 75 79 34 03 85 
88 37 34 64 02 29 61 20 12 06 40 100 90 56 06 13 54 27 76 86 19 87 83 13 88 08 88 66 41 90 03 28 79 36 44 80 17 56 51 80 13 90 80 02 45 85 66 50 63 42 88 33 80 70 46 19 77 33 37 69 74 39 49 04 26 44 83 42 51 86 74 64 75 05 17 72 41 83 21 03 76 08 35 07 29 80 26 57 64 62 26 38 52 26 93 77 21 76 71 71 
13 96 86 87 100 55 10 92 37 83 94 64 42 80 70 71 60 47 27 75 60 04 64 63 81 57 40 01 84 62 24 96 57 09 82 08 63 44 99 51 26 44 14 67 23 36 89 34 34 16 09 94 71 72 56 04 80 47 56 63 08 79 58 16 40 92 75 02 35 73 05 60 16 70 78 91 05 67 24 39 34 32 84 56 56 39 59 35 38 15 50 97 45 59 13 84 50 87 38 36 
12 94 47 79 63 77 69 68 43 93 58 76 76 93 83 83 83 42 70 20 08 71 17 52 29 81 88 31 67 77 66 30 70 65 09 32 41 77 51 83 21 60 10 49 52 92 83 35 85 52 54 92 22 22 96 03 02 35 33 69 11 50 50 80 14 58 11 54 87 14 88 59 73 49 07 25 93 42 59 77 45 64 21 19 86 68 21 87 02 53 07 64 02 57 43 68 66 05 73 52 
70 13 63 43 61 21 19 05 62 29 82 07 92 54 25 29 21 45 68 74 49 74 37 02 82 31 69 48 87 94 51 57 06 65 51 18 86 69 23 47 97 56 05 40 09 81 21 81 77 88 54 25 61 42 79 95 24 99 94 62 92 96 18 49 61 20 67 46 88 89 44 36 44 01 28 04 81 48 84 58 35 89 34 47 82 12 41 05 63 34 66 54 82 36 03 42 55 69 39 95 
09 82 30 04 34 57 07 15 56 90 24 90 30 09 37 11 73 29 67 35 63 32 40 96 19 42 37 74 62 75 20 22 08 01 25 42 58 83 08 13 72 83 55 53 91 91 63 15 19 29 49 33 13 89 28 31 82 16 56 96 90 75 17 50 76 94 91 85 76 50 49 100 32 03 52 74 45 15 89 16 95 89 100 07 29 28 90 11 95 45 58 85 72 74 34 99 19 76 83 95 
25 83 94 08 38 97 33 34 11 73 49 58 62 49 64 42 28 53 04 22 50 61 58 21 87 91 71 05 18 05 99 94 87 44 01 76 41 34 10 51 58 58 60 71 58 24 13 37 28 16 59 77 77 16 49 63 59 19 67 28 23 18 22 62 61 74 37 01 59 98 04 17 56 63 87 65 38 99 02 66 67 12 94 95 79 95 57 89 65 75 17 88 92 38 01 05 63 37 05 22 
35 08 38 42 23 24 58 60 75 59 25 93 22 71 87 01 65 95 89 81 69 57 68 13 46 20 17 09 09 73 30 95 81 67 88 03 42 45 14 68 56 39 60 77 61 46 77 77 40 18 57 61 74 77 25 72 96 93 80 04 65 09 98 97 27 85 51 20 82 65 88 37 55 99 13 67 97 42 43 88 11 99 48 36 27 24 07 23 16 86 78 33 46 28 81 72 64 32 92 45 
48 31 81 02 29 46 68 25 39 62 13 01 12 12 36 39 88 43 13 55 80 42 87 26 69 68 49 33 51 92 77 98 74 10 51 03 55 70 79 45 31 43 45 94 07 32 32 94 74 96 48 06 38 87 83 06 06 83 90 08 75 19 57 48 28 07 02 34 28 33 78 10 75 74 03 33 05 87 26 31 82 26 88 71 64 70 29 21 52 18 28 78 36 84 78 15 42 31 48 69 
63 77 30 90 50 32 22 07 18 100 37 52 25 24 22 40 45 02 60 48 72 39 78 07 22 55 74 15 37 21 35 100 50 64 41 51 95 62 57 65 61 45 68 37 20 41 28 64 43 87 64 14 25 41 72 98 47 45 12 83 18 98 34 67 61 74 69 08 88 26 72 100 22 91 89 42 31 16 05 73 03 68 38 79 60 10 77 06 06 40 89 23 38 74 41 50 100 10 57 87 
87 80 86 08 70 74 49 01 42 06 25 44 25 63 74 85 24 02 90 29 42 30 04 31 04 44 80 03 05 89 41 91 68 78 51 90 04 51 42 45 56 66 40 81 80 13 65 03 15 06 84 08 36 87 38 91 82 69 45 87 57 85 29 77 62 31 66 17 82 07 61 37 24 100 69 04 65 33 06 79 39 41 86 26 27 75 16 09 43 60 47 52 96 75 28 09 06 45 26 39 
51 38 75 26 90 44 29 54 28 87 84 18 27 21 43 06 95 10 14 89 21 60 92 68 86 71 77 43 15 54 81 17 43 08 43 32 51 23 85 30 61 20 48 88 40 42 93 86 04 58 27 76 69 70 44 54 41 72 49 55 25 29 24 67 36 66 51 38 40 87 20 01 07 19 40 98 12 32 36 15 41 62 43 09 83 86 14 23 09 62 30 85 91 53 51 78 70 53 68 09 
40 87 61 98 05 100 95 68 83 82 35 23 95 77 31 78 14 45 100 22 58 29 06 48 33 08 78 54 61 97 63 52 83 75 49 39 75 95 58 57 77 92 32 71 68 62 48 81 58 100 02 16 28 59 15 13 67 44 66 27 40 80 78 74 55 78 64 29 72 22 37 48 13 68 71 33 82 18 13 91 17 67 58 97 25 25 61 43 68 26 69 08 58 98 33 12 27 97 92 99 
70 80 98 34 48 20 66 81 90 31 23 58 97 81 54 73 05 66 16 72 92 36 31 49 86 16 12 12 12 03 62 33 34 12 66 33 31 32 13 20 62 36 78 10 68 83 82 72 01 49 95 92 37 78 92 22 93 55 85 56 57 99 40 42 10 05 75 92 88 87 64 49 74 93 10 93 27 44 64 27 92 11 70 80 40 13 53 84 67 38 91 75 88 30 17 49 34 91 40 22 
77 55 22 03 99 32 95 26 27 11 04 18 73 26 98 12 38 50 47 05 39 37 79 26 66 95 74 51 85 66 24 14 72 98 68 71 81 62 48 07 24 03 24 96 28 73 59 66 75 05 70 65 41 48 43 06 95 68 09 79 33 32 44 57 29 11 27 61 73 26 67 96 28 43 44 56 15 02 21 41 07 42 58 47 89 100 05 83 67 65 14 52 96 57 08 77 68 86 37 92 
11 56 87 90 98 30 45 64 84 17 05 90 58 14 88 99 13 44 33 31 08 46 34 56 03 93 84 22 78 72 13 40 27 99 30 24 81 74 88 16 43 44 05 100 57 44 98 21 88 31 03 47 28 37 02 82 29 85 03 59 57 15 98 35 66 79 59 98 05 46 13 47 89 69 98 97 12 48 17 51 30 19 98 57 07 51 39 36 36 93 46 44 08 95 78 73 74 88 22 30 
85 34 76 73 54 25 69 65 72 37 68 01 56 65 10 62 67 100 49 02 92 46 97 51 41 27 75 66 66 96 95 51 81 70 75 34 46 44 99 18 32 66 70 87 82 79 01 48 30 01 02 22 47 50 72 87 28 47 52 94 94 46 44 75 67 18 08 64 13 58 81 97 75 51 35 08 81 35 56 63 88 09 36 34 10 07 72 38 05 23 83 51 20 78 25 38 47 84 01 12 
42 34 08 16 36 42 24 68 29 31 30 16 91 65 49 100 24 20 89 80 94 23 30 65 100 06 54 99 90 06 10 83 39 69 50 26 10 73 94 90 55 75 05 97 40 05 49 15 76 37 94 21 60 76 85 11 33 90 09 22 96 70 04 86 38 06 12 48 78 57 37 85 31 94 33 22 98 81 88 26 18 34 46 29 09 83 39 41 72 100 15 19 69 70 57 07 75 20 06 05 
76 94 41 58 39 73 32 89 54 71 14 23 04 11 51 12 93 41 05 17 92 71 87 61 92 43 19 67 62 76 23 89 21 63 99 60 87 82 48 40 52 13 62 56 23 64 19 68 05 75 84 96 45 22 08 89 65 78 55 78 05 29 19 26 43 69 85 29 50 84 69 53 96 82 60 70 46 79 37 02 05 72 49 02 94 09 90 10 38 96 39 43 24 09 68 66 77 04 94 78 
87 14 83 34 48 42 55 45 20 44 46 77 15 46 78 60 06 67 21 44 62 60 86 85 68 05 02 97 08 95 26 46 61 08 31 08 50 85 52 21 28 49 97 95 46 74 54 52 40 27 95 53 86 32 89 05 36 90 01 95 37 27 40 49 34 70 56 35 06 07 56 86 07 52 80 52 26 85 03 17 11 49 22 48 32 10 53 19 52 05 13 40 83 52 88 69 73 43 03 31 
01 58 16 07 62 47 58 87 83 13 55 46 13 76 93 45 38 97 63 89 54 76 28 36 79 15 04 52 09 59 34 09 68 49 67 29 47 76 67 29 88 74 26 01 49 71 97 86 67 59 26 72 34 53 08 65 19 63 68 27 73 01 87 41 01 53 21 47 29 88 27 68 61 05 20 61 75 16 99 93 75 24 65 60 29 72 76 47 86 43 26 59 43 12 51 95 17 71 93 97 
58 20 64 70 76 36 83 50 51 81 42 77 56 06 37 84 29 12 83 67 07 60 77 49 23 27 96 39 97 88 87 07 07 03 28 34 38 10 83 88 90 25 65 98 82 53 81 63 16 15 29 22 74 05 23 97 31 18 87 79 05 74 37 64 28 65 97 65 26 80 04 68 56 68 65 37 72 97 99 88 12 79 09 37 83 31 33 65 48 72 44 53 97 32 16 24 48 12 40 74 
43 43 93 98 11 57 87 82 05 37 21 16 16 30 05 98 60 37 63 60 60 58 12 08 89 79 31 89 42 70 14 85 65 06 34 27 14 72 60 18 09 81 86 76 10 90 73 21 78 87 80 90 96 91 97 37 21 28 25 63 49 38 99 13 43 84 39 08 56 99 25 16 31 62 91 40 03 15 60 81 54 92 70 49 34 66 85 55 45 61 69 46 98 67 10 92 02 01 99 57 
99 76 24 29 89 14 20 92 29 31 24 34 22 45 82 56 62 19 10 07 79 78 04 77 96 13 20 97 13 19 06 63 46 29 43 86 43 62 77 23 45 100 56 66 44 89 21 06 07 82 64 86 11 67 14 06 31 33 03 44 03 60 06 100 88 01 86 82 62 62 56 58 14 63 24 09 52 96 66 58 78 81 95 88 47 08 46 30 93 100 73 47 59 30 47 46 30 32 28 44 
45 35 01 10 98 76 19 49 72 36 58 01 17 05 40 15 64 85 44 56 84 68 03 94 50 49 92 31 32 71 26 28 05 27 38 02 54 08 02 25 95 60 77 11 64 17 78 27 01 21 35 37 41 37 82 90 37 73 20 20 43 46 47 48 24 36 01 77 43 03 54 38 14 30 100 77 98 77 55 99 50 41 87 42 29 68 31 17 93 02 36 35 47 35 34 22 70 35 51 65 
89 56 54 02 37 53 30 35 82 36 85 83 77 71 24 05 90 54 22 34 07 09 69 06 43 54 27 65 40 29 29 28 84 82 29 21 86 10 55 19 46 39 01 22 61 24 78 02 29 51 36 36 60 56 41 54 09 19 18 01 48 98 28 31 79 09 03 17 18 57 35 15 47 36 36 59 59 66 61 40 16 48 75 27 03 15 81 63 33 50 63 32 48 43 63 78 03 17 94 20 
74 29 35 72 16 22 31 26 39 43 65 07 90 91 33 92 57 65 06 42 67 69 73 14 63 87 91 65 04 37 36 29 17 22 100 32 96 82 09 34 24 74 40 65 64 25 08 21 41 14 62 07 34 86 20 96 73 63 60 76 99 95 04 67 17 55 98 12 37 06 97 12 31 89 77 47 13 84 67 53 49 80 12 82 65 83 77 37 45 88 64 95 35 67 61 03 22 10 14 10 
68 62 21 98 50 49 44 14 85 62 67 33 41 30 67 58 12 95 46 09 83 10 03 17 28 16 19 01 25 84 10 92 45 83 42 47 83 85 60 19 99 78 04 39 07 70 48 19 64 46 27 46 55 81 14 34 48 84 35 25 67 96 68 64 30 09 10 65 46 69 83 44 47 38 34 53 07 82 23 23 79 01 20 85 34 34 18 81 17 04 57 36 52 25 99 33 33 60 97 30 
28 32 73 26 69 07 31 28 40 05 50 18 06 69 02 39 54 71 71 23 75 28 58 26 04 08 10 36 67 07 18 46 90 90 24 58 48 54 37 39 58 86 56 15 07 09 05 12 80 28 34 06 55 43 83 58 02 92 45 68 50 14 66 39 04 89 49 03 94 85 42 51 23 49 18 29 10 22 40 41 49 26 98 55 20 80 64 22 23 61 41 73 74 06 63 29 94 11 32 39 
48 25 90 70 73 59 50 34 32 41 74 33 18 71 87 38 02 03 59 25 63 99 49 88 05 63 17 50 74 100 89 73 24 30 94 48 40 43 82 71 35 07 03 53 78 42 90 31 96 48 55 10 98 55 97 54 18 65 56 43 64 96 15 39 77 08 87 16 02 20 38 36 26 41 40 55 34 29 86 29 28 92 90 26 47 86 79 64 03 34 58 66 81 72 57 57 31 43 72 84 
