100 10 50
41 24 04 01 48 07 48 08 29 20 
30 27 25 45 13 38 14 42 05 47 
29 29 36 10 43 14 33 40 18 14 
47 09 40 01 11 39 07 08 48 38 
29 27 14 04 21 29 43 35 20 47 
33 50 26 19 09 20 32 41 10 01 
07 06 09 46 08 21 36 17 29 33 
04 07 10 19 12 32 47 04 16 18 
01 01 17 28 19 28 49 02 18 08 
02 26 16 13 23 25 33 08 41 13 
41 44 22 02 13 35 33 11 39 01 
29 41 01 45 18 21 22 18 22 42 
26 25 19 43 39 42 19 22 49 10 
36 41 05 09 44 17 44 27 28 32 
29 08 24 29 02 43 01 26 10 22 
19 37 48 37 31 37 28 50 10 29 
09 45 21 13 04 15 32 49 43 11 
32 21 18 05 01 21 47 01 48 08 
24 16 45 21 05 25 07 34 24 16 
12 34 13 35 49 18 49 30 16 41 
40 47 13 07 01 13 29 49 15 27 
06 38 44 02 08 48 27 15 32 02 
32 43 38 44 27 36 11 27 15 28 
17 06 24 31 14 26 43 42 26 07 
18 32 46 14 33 04 11 11 20 42 
15 03 37 02 47 15 39 09 42 03 
39 10 10 12 41 23 40 35 14 15 
44 34 48 39 47 33 44 09 45 13 
01 09 16 37 12 14 03 50 24 44 
04 12 06 13 26 46 35 17 32 01 
31 25 36 29 16 34 11 09 42 05 
22 44 16 39 32 27 04 35 29 29 
28 32 43 35 45 20 32 31 36 14 
33 16 40 18 46 05 03 08 14 45 
15 37 40 30 27 22 08 32 06 38 
10 35 20 04 20 16 23 01 48 08 
16 31 26 06 50 23 10 03 31 23 
49 45 09 38 26 35 09 35 18 14 
23 28 49 44 33 20 09 06 22 06 
15 38 38 40 43 38 15 02 40 45 
27 38 41 37 25 18 24 34 02 41 
49 26 20 49 19 03 20 29 08 42 
37 24 29 24 16 23 13 30 26 02 
24 02 41 16 39 16 33 14 01 36 
04 01 14 24 50 34 26 19 13 35 
10 01 08 40 26 25 12 39 04 40 
40 29 41 31 44 31 48 28 44 50 
16 50 50 29 23 49 12 50 20 26 
36 31 26 45 21 02 20 34 40 23 
23 31 02 16 13 47 48 10 27 42 
09 42 43 09 20 15 09 33 16 28 
11 01 11 38 47 31 41 16 16 32 
41 39 13 42 06 25 40 03 37 16 
46 47 07 38 07 28 04 16 13 19 
45 25 21 05 12 18 37 03 35 03 
34 25 43 48 18 48 25 08 02 13 
25 48 09 32 37 16 11 41 33 25 
11 29 49 32 34 11 01 22 15 37 
24 50 12 18 50 29 17 24 38 19 
38 13 18 46 46 04 13 08 46 47 
33 07 26 33 40 11 45 40 32 09 
28 08 11 39 27 10 20 44 35 09 
14 22 23 33 19 18 38 34 28 34 
30 12 40 07 44 29 19 39 20 03 
49 47 12 09 38 38 20 07 33 04 
15 48 27 38 30 46 07 20 29 36 
03 10 47 42 19 43 22 37 33 41 
39 31 39 02 42 26 40 13 32 24 
17 49 22 45 38 03 40 46 22 20 
32 26 32 28 17 50 22 38 36 04 
30 27 37 19 30 30 44 21 42 28 
45 10 28 18 05 17 22 46 12 46 
16 43 21 47 23 40 48 44 29 35 
50 09 11 36 29 43 15 24 13 06 
01 07 18 30 26 22 46 48 19 08 
45 34 02 15 32 26 06 29 22 35 
14 21 43 26 06 23 18 22 46 33 
29 49 39 46 28 17 19 26 14 38 
35 10 23 36 24 07 14 30 37 35 
16 02 05 10 28 12 32 47 33 27 
29 11 25 20 09 05 36 29 30 01 
16 14 10 41 01 35 47 14 16 33 
50 31 35 06 40 14 17 21 12 01 
50 43 12 26 12 22 30 49 50 11 
49 18 26 10 08 27 44 06 42 12 
38 44 42 24 49 34 39 16 06 01 
16 05 43 29 31 06 02 12 04 02 
23 04 19 50 15 28 28 08 33 20 
21 22 15 13 48 13 46 36 30 01 
38 46 08 32 26 40 37 28 01 42 
31 25 45 49 25 09 28 02 19 10 
23 39 33 39 03 30 02 50 18 31 
03 05 28 10 37 04 49 25 33 01 
17 13 28 13 11 04 22 38 07 42 
49 32 32 31 20 37 13 21 36 30 
02 40 34 31 01 22 34 49 47 16 
02 13 28 31 25 40 34 48 29 40 
41 29 21 25 10 41 11 22 11 48 
03 14 38 36 47 40 10 30 41 06 
48 42 20 27 22 44 19 05 44 47 
