100 100 88
28 64 61 27 51 16 16 86 17 19 50 63 80 24 28 79 15 34 35 41 77 63 84 02 21 47 74 14 65 71 64 04 23 36 06 73 28 21 70 44 39 08 82 06 31 22 84 21 55 06 62 19 69 33 85 01 79 70 14 31 53 78 10 51 01 16 35 28 12 16 72 27 87 41 32 29 62 04 50 28 09 87 23 77 07 19 54 62 64 43 04 04 32 14 54 09 05 88 36 16 
80 83 18 54 36 50 83 73 29 20 13 37 82 11 02 88 05 31 37 68 73 41 72 81 30 13 01 10 77 12 25 44 71 19 09 82 44 67 66 72 62 54 84 55 64 61 31 44 03 67 24 76 19 71 68 24 59 44 33 47 55 34 66 13 52 75 06 07 29 48 54 03 13 49 57 53 22 87 08 88 42 07 75 36 53 30 60 24 73 68 70 16 77 24 28 16 10 34 86 38 
81 51 16 69 76 73 09 73 47 17 72 88 87 59 36 52 64 71 75 49 26 32 64 15 55 03 30 40 12 28 78 68 54 69 49 41 53 57 01 76 49 73 51 48 19 62 75 82 44 61 42 46 04 81 60 35 84 65 74 71 04 39 51 34 20 11 50 48 43 51 35 68 35 62 03 29 35 77 22 55 25 40 12 04 08 47 38 03 23 24 50 03 62 12 36 81 86 85 41 16 
23 51 83 57 24 61 61 35 25 59 65 49 10 76 53 17 10 02 84 32 25 45 10 63 56 45 55 29 18 71 44 16 34 15 49 33 75 21 67 12 79 43 60 64 06 88 81 15 02 52 23 02 72 32 40 15 53 07 43 46 53 86 61 86 12 21 31 63 42 73 74 08 04 21 72 73 21 40 64 86 03 86 63 74 05 15 64 33 85 18 78 25 79 27 23 03 23 29 41 40 
77 02 48 80 22 31 65 18 46 40 79 24 13 30 73 17 20 48 26 80 65 15 16 55 17 14 33 40 42 73 79 07 74 14 62 72 44 38 65 65 53 32 88 41 61 72 34 56 31 59 47 07 49 62 38 66 52 70 17 69 31 71 75 80 85 49 63 16 62 16 81 03 47 80 43 83 64 76 50 06 46 72 77 71 21 26 48 72 71 40 53 13 86 15 69 82 63 19 74 13 
34 66 15 56 33 33 50 72 21 75 54 42 58 42 24 79 43 47 38 01 86 02 78 84 81 58 53 55 76 38 43 86 79 33 53 88 66 15 71 62 65 36 15 35 53 15 01 71 61 14 72 35 16 61 06 72 30 58 38 81 72 57 78 38 01 43 37 66 33 20 39 09 31 30 19 60 20 83 42 80 09 25 02 88 61 07 71 66 41 84 59 88 52 48 37 29 66 50 06 74 
45 21 83 75 26 77 46 45 48 88 12 32 88 14 31 61 84 77 38 12 48 72 11 12 08 24 16 73 73 85 59 29 17 29 15 42 81 37 86 40 12 74 47 11 87 77 47 58 41 61 70 01 44 80 76 51 79 03 12 63 87 46 67 80 74 58 33 42 06 07 58 17 80 16 03 54 69 26 23 21 86 04 85 17 60 72 44 50 74 55 01 49 12 67 40 61 36 48 14 17 
30 71 09 21 63 12 50 43 13 73 39 10 52 36 26 87 19 69 25 69 11 25 29 22 67 44 58 15 03 72 31 33 30 40 29 04 27 79 22 39 39 61 24 66 08 25 41 02 06 65 70 80 01 74 14 67 29 47 57 08 30 64 40 36 79 44 15 17 10 13 31 24 73 54 02 56 54 42 33 59 18 79 51 82 64 40 36 69 86 69 76 04 44 03 15 34 46 29 26 32 
17 32 55 01 61 56 32 26 73 65 61 66 55 87 35 06 38 71 74 11 27 37 78 70 15 04 79 61 09 80 04 01 23 58 02 83 02 09 20 50 49 80 28 15 78 62 85 03 20 46 78 46 83 67 03 09 47 57 45 31 48 24 31 70 58 08 64 35 81 60 84 41 51 23 32 17 61 28 19 80 73 08 14 43 51 80 28 73 49 48 15 08 72 21 78 17 05 29 51 85 
88 22 37 51 45 68 67 81 71 61 48 56 45 61 74 07 29 13 79 77 61 69 84 20 65 49 36 69 78 62 41 77 83 78 15 15 33 81 07 16 30 55 47 74 03 32 56 31 21 46 19 57 02 79 76 42 39 87 87 28 36 39 17 30 04 31 45 37 88 27 52 05 81 74 78 60 81 45 02 77 66 85 45 43 75 08 84 01 06 82 29 41 33 21 47 36 27 67 48 02 
05 75 06 86 60 83 33 53 15 34 17 80 06 62 34 56 69 30 57 51 87 61 67 07 57 01 43 59 67 02 61 72 53 66 45 24 37 77 52 27 86 69 19 04 18 28 35 86 33 67 24 32 39 67 38 71 67 56 42 46 34 14 29 86 55 73 85 67 37 49 06 34 05 24 13 22 27 48 83 60 26 19 67 41 85 16 23 39 48 40 84 81 53 24 54 84 72 50 62 20 
74 67 30 78 66 42 11 05 65 70 40 67 64 18 83 36 09 17 74 56 33 70 24 85 69 77 80 29 15 30 48 88 08 53 78 50 07 64 30 47 45 69 25 84 62 19 31 70 12 17 14 44 62 37 16 42 02 72 46 16 13 06 15 84 34 68 45 40 44 74 87 64 30 87 60 03 18 02 73 05 82 62 48 55 10 39 73 75 22 30 66 34 11 57 30 45 36 50 60 55 
12 34 07 41 33 66 20 26 43 04 30 13 65 53 67 50 03 27 13 25 33 54 34 43 22 39 63 58 01 35 88 76 68 06 04 76 71 23 13 02 02 18 14 42 46 56 04 49 83 80 49 27 45 58 45 67 09 20 12 73 54 11 60 09 17 63 85 63 86 09 40 87 03 29 41 48 85 20 72 55 75 32 57 07 02 77 49 74 08 60 58 37 47 05 46 39 43 18 77 16 
02 29 15 04 57 31 52 53 26 35 83 76 43 27 82 20 16 43 69 23 14 14 36 36 18 57 74 36 74 63 52 75 03 42 55 35 72 82 64 73 04 58 60 22 85 53 41 76 71 85 74 85 10 21 08 03 77 82 39 38 32 02 01 10 43 55 44 02 48 19 74 51 53 21 49 25 49 01 12 32 86 85 04 71 82 11 74 46 68 24 84 11 25 84 20 43 50 40 44 73 
58 05 11 86 25 59 22 73 36 09 80 09 70 83 79 63 06 64 20 73 63 79 60 63 74 79 17 11 06 60 83 64 40 06 37 40 40 35 01 75 43 80 83 88 75 50 62 56 01 58 16 64 48 75 38 10 42 55 20 47 02 15 86 18 84 35 57 35 69 57 86 87 49 56 87 11 17 36 66 18 69 81 81 29 68 06 38 85 36 33 43 14 47 17 31 18 51 87 29 07 
32 26 05 56 57 67 66 74 15 19 67 59 11 35 63 54 40 76 26 76 21 69 65 67 85 07 61 23 69 01 29 12 02 09 43 58 52 20 19 42 14 85 12 25 31 75 54 47 62 80 10 82 36 74 37 08 80 09 30 36 73 34 24 74 42 66 19 69 62 38 22 75 34 34 75 41 20 41 87 57 08 08 51 43 57 63 50 24 47 55 59 31 88 82 80 17 60 10 86 33 
23 19 19 57 28 06 73 23 22 71 80 05 54 18 47 22 56 72 45 14 14 15 20 13 73 75 05 20 84 02 28 83 85 22 51 24 03 11 47 24 81 14 28 22 07 50 43 62 09 63 51 22 53 70 10 37 56 15 56 27 16 59 21 76 81 47 12 83 57 34 19 25 23 22 46 29 48 88 66 32 38 28 30 03 09 39 15 40 29 71 66 45 17 63 08 09 21 83 04 78 
28 22 78 50 19 36 54 42 11 31 74 49 58 15 51 42 53 65 81 82 23 35 14 40 09 85 48 05 80 51 58 19 48 48 45 43 83 74 84 05 17 69 29 50 83 55 04 24 08 60 81 30 70 70 45 78 66 69 83 33 07 52 52 31 75 72 73 69 57 44 50 49 25 54 11 83 21 78 82 28 25 50 33 07 07 54 60 49 10 54 81 16 82 20 22 44 03 06 01 36 
26 26 60 50 79 70 20 75 35 14 14 36 39 23 42 46 52 13 06 61 43 86 52 12 18 74 55 84 55 55 31 80 80 03 41 47 48 37 33 59 50 23 06 64 45 47 21 08 35 26 44 77 24 07 88 17 80 31 12 47 85 19 14 53 21 31 11 44 67 43 78 04 65 83 67 85 17 88 68 28 01 23 16 88 06 80 16 85 22 28 19 82 46 33 46 42 39 32 61 17 
75 51 84 27 45 62 24 38 37 67 65 38 66 56 37 71 23 29 43 20 32 62 14 53 70 35 06 20 67 42 12 29 04 07 55 25 44 54 38 57 33 14 06 74 69 18 56 04 22 10 87 53 47 12 17 28 23 86 23 01 40 10 05 19 80 59 43 36 01 80 04 09 69 73 82 26 66 49 05 88 34 03 28 81 79 45 84 13 18 83 77 33 68 81 52 60 27 70 71 27 
38 50 35 82 10 04 19 75 28 23 50 62 02 78 30 80 10 01 68 03 59 56 36 39 24 63 74 50 44 56 53 57 81 87 51 02 67 45 52 06 68 78 43 45 43 72 36 28 49 15 30 19 46 41 57 69 15 42 06 59 73 58 03 41 57 53 18 11 74 70 16 53 35 59 73 53 18 84 80 66 10 21 85 31 62 29 11 52 47 16 86 07 74 01 48 18 29 65 28 14 
22 19 42 32 77 26 84 71 21 75 48 06 72 20 36 21 25 22 72 71 14 70 77 63 46 12 56 74 53 83 64 74 77 17 18 42 19 13 24 15 64 71 21 23 67 32 43 03 54 02 49 43 71 13 17 04 25 72 78 77 42 29 38 30 45 55 71 39 44 06 54 83 53 74 17 07 81 35 09 46 36 33 64 83 45 80 86 69 63 51 33 80 79 71 22 36 13 68 74 32 
50 39 26 78 88 18 84 81 52 68 14 88 12 78 82 56 45 79 13 20 42 21 75 32 03 08 43 80 52 05 23 13 19 25 02 19 42 61 75 06 40 88 69 27 53 62 82 10 28 70 05 45 03 79 53 69 63 07 60 26 75 59 14 06 83 79 88 12 51 74 17 02 49 61 28 78 10 85 87 38 67 67 58 45 57 22 25 07 05 61 08 79 31 21 60 25 11 59 36 37 
20 29 38 45 01 41 34 75 38 32 24 80 74 57 12 42 55 36 25 59 72 08 25 14 29 85 14 15 31 26 52 27 54 65 71 30 18 16 16 31 23 15 22 08 48 33 25 14 44 25 72 28 33 72 17 37 44 31 51 75 56 78 13 85 31 59 02 24 74 82 54 72 08 51 79 55 59 79 44 78 16 27 17 48 11 10 84 30 16 22 16 71 76 04 43 18 62 44 41 23 
37 70 70 21 32 60 51 02 27 07 79 42 09 72 01 83 57 60 25 72 57 16 30 44 84 72 37 57 03 77 56 16 34 37 12 65 73 62 42 11 44 09 28 29 80 04 87 48 63 23 07 31 15 36 51 10 19 87 42 85 52 09 12 85 22 87 38 70 37 79 56 80 87 59 84 54 62 83 77 12 81 83 18 07 30 68 16 24 67 58 85 06 42 08 02 39 71 15 20 19 
06 51 74 68 21 70 34 82 40 86 69 32 81 87 39 86 66 30 22 20 63 82 01 17 65 67 31 47 81 27 65 86 77 51 66 74 32 75 43 71 72 24 78 40 86 04 38 39 34 35 59 72 28 35 64 04 13 07 51 06 33 03 67 85 53 44 46 60 06 01 18 54 24 08 05 85 11 42 35 20 76 69 68 79 16 43 59 28 49 21 09 57 23 76 30 52 07 75 23 13 
51 41 66 50 24 70 46 34 88 81 30 51 61 09 42 76 51 12 80 76 08 88 20 06 75 25 57 82 76 56 70 38 08 23 88 07 68 45 40 67 13 45 06 74 29 47 37 80 34 28 43 17 04 38 22 54 39 55 23 26 86 04 63 05 26 38 11 70 59 26 48 71 47 53 56 75 75 69 42 84 08 60 12 75 10 10 41 48 40 63 49 37 43 87 17 44 37 03 25 07 
04 49 77 50 77 21 13 40 01 54 35 72 26 23 35 11 08 75 34 23 25 82 59 43 80 51 63 04 53 87 74 32 23 63 82 12 59 06 27 59 35 61 18 60 59 52 46 42 14 79 64 39 48 10 57 16 60 31 19 88 06 05 32 28 43 01 15 77 70 41 23 16 78 40 52 48 68 09 66 81 64 41 07 23 51 64 38 86 06 33 86 75 37 05 15 55 05 05 43 50 
46 65 65 11 80 04 34 59 13 11 52 52 52 34 74 78 09 24 75 79 56 48 65 68 52 55 10 32 60 52 81 81 04 34 03 59 37 36 30 25 23 57 76 74 02 38 63 11 61 25 65 04 73 17 47 36 48 56 44 19 83 36 75 62 45 53 32 82 64 37 82 86 05 46 47 07 83 85 81 31 22 33 10 70 49 56 81 08 87 36 02 57 48 52 06 04 16 37 61 56 
74 55 53 54 76 76 60 70 72 28 12 69 60 85 50 21 52 43 04 26 54 06 82 13 57 87 17 49 11 77 16 60 19 44 26 06 31 61 75 79 65 62 59 36 58 21 32 85 39 36 86 04 17 79 17 49 53 09 09 40 85 24 11 80 44 12 85 74 49 48 64 25 85 35 36 31 31 68 27 45 79 01 48 07 55 40 55 20 48 40 35 21 39 21 12 82 33 08 44 57 
31 19 81 28 29 04 58 35 71 60 79 37 60 15 19 27 54 50 22 78 01 56 10 39 52 21 09 84 04 52 28 35 46 84 38 51 88 71 85 46 18 52 83 78 66 13 80 07 38 77 84 38 20 05 53 71 01 61 43 05 88 70 15 45 66 28 07 41 10 04 86 27 55 56 80 08 69 47 14 18 35 10 32 54 78 84 37 79 32 79 59 31 60 49 75 13 76 58 53 61 
61 51 63 03 18 55 74 62 77 87 56 24 72 63 77 62 34 01 28 65 79 86 71 27 22 33 15 73 02 68 45 62 06 83 40 87 25 25 37 14 88 68 37 47 42 01 20 75 02 23 27 56 20 09 58 41 41 73 01 43 28 45 80 33 40 08 07 64 08 43 53 07 22 01 54 39 66 49 01 43 72 27 10 67 11 44 84 52 28 84 70 55 17 37 63 56 44 69 07 28 
88 60 34 85 36 63 36 13 88 36 55 47 39 41 25 49 84 84 76 87 80 33 53 08 70 03 39 01 71 21 04 70 56 38 67 04 76 78 80 51 01 47 09 39 63 34 88 58 29 51 56 84 84 84 67 41 86 81 17 44 14 21 26 69 34 68 48 21 33 40 48 33 62 56 72 36 65 47 69 70 09 12 65 04 07 20 20 68 12 37 23 25 57 24 70 02 03 29 86 11 
44 45 44 17 77 27 28 53 49 08 34 57 19 75 37 01 06 56 68 17 04 03 18 36 02 87 37 69 03 11 79 47 31 34 39 19 36 67 72 84 50 81 53 45 67 01 45 48 32 01 65 36 67 58 47 68 32 84 48 34 70 39 56 12 72 71 07 20 25 78 15 74 46 43 30 25 19 51 48 51 51 88 62 29 57 20 08 88 79 56 10 36 70 41 48 53 23 54 48 47 
19 39 09 64 57 38 64 76 88 24 38 50 23 75 54 56 70 62 55 61 05 40 08 74 57 31 14 79 84 38 14 78 76 22 30 44 35 05 31 11 04 44 60 27 06 02 82 76 63 24 48 43 40 31 04 08 62 17 62 33 30 75 87 17 72 28 37 19 32 43 29 36 63 64 38 68 65 07 55 15 06 78 33 45 85 36 52 34 29 26 42 58 76 40 51 36 67 87 30 75 
41 34 86 79 73 11 59 26 17 01 40 22 55 49 43 51 60 06 60 88 07 13 34 59 53 84 06 07 58 35 57 74 44 54 65 28 64 11 53 56 11 69 54 41 29 08 67 88 77 38 64 84 51 09 30 79 68 11 61 37 21 30 86 64 59 62 03 11 48 56 66 35 12 31 75 40 14 54 15 03 67 78 62 05 62 03 83 17 13 56 29 33 61 27 72 31 64 74 41 24 
17 19 58 04 25 20 19 39 73 34 41 28 87 14 32 37 80 27 53 68 58 82 76 30 84 59 60 59 20 13 58 13 07 03 16 07 23 35 45 71 44 61 10 18 50 42 54 41 68 83 84 13 76 71 42 47 17 77 81 37 01 51 25 71 29 16 78 51 50 10 34 69 71 43 87 32 60 52 49 39 46 20 27 09 03 68 31 19 57 24 31 33 50 55 80 78 71 69 17 08 
78 26 53 36 68 51 44 40 78 04 54 12 87 81 84 01 36 27 84 68 26 02 77 51 33 68 16 79 48 32 62 13 57 26 49 13 76 04 28 66 71 57 53 69 49 48 46 61 50 17 40 51 82 28 13 26 71 29 16 30 36 78 19 69 15 43 81 67 46 84 20 04 52 72 48 13 07 69 49 57 61 88 19 55 04 08 80 74 12 72 80 47 37 74 27 51 28 83 05 49 
78 24 52 18 71 75 06 78 56 54 22 04 29 16 58 32 87 50 82 10 09 49 33 45 34 35 71 61 30 76 21 83 75 48 12 58 10 17 23 41 46 20 45 75 11 14 82 10 39 51 19 47 11 27 67 20 62 50 80 67 13 76 61 87 11 49 32 21 41 54 61 87 49 81 49 60 71 42 45 21 05 39 44 79 66 22 11 39 47 66 17 59 54 53 58 40 77 01 60 30 
31 09 04 55 65 52 26 47 69 46 68 49 85 87 40 38 20 50 76 67 27 68 13 56 08 70 08 85 47 43 02 77 27 69 43 04 32 45 26 76 66 69 37 62 67 52 11 63 77 62 17 79 17 29 23 25 11 30 21 33 48 22 21 51 02 39 30 09 59 55 60 13 36 72 74 78 35 61 52 23 10 44 78 27 73 12 51 59 17 71 03 64 68 87 02 45 13 31 53 72 
62 88 84 09 72 45 62 18 81 26 17 67 45 06 05 29 81 31 87 09 77 65 72 32 63 50 76 76 80 16 35 53 15 06 37 86 26 75 80 19 12 72 61 56 53 65 61 45 71 35 53 59 12 12 02 74 61 53 37 29 68 71 81 58 76 06 32 14 80 23 08 67 70 68 10 34 20 46 54 66 81 18 36 04 05 13 53 66 65 02 06 20 48 62 77 36 43 20 25 10 
18 08 76 87 75 62 08 70 19 61 47 11 78 58 78 59 46 43 36 86 20 17 17 67 54 05 78 09 01 14 18 18 85 70 81 47 43 88 28 37 61 50 48 26 19 37 84 40 55 07 37 74 87 53 53 53 34 18 37 34 32 54 27 04 11 83 51 29 83 78 66 31 16 25 32 10 37 04 50 04 74 86 53 73 51 81 37 60 11 73 69 18 14 07 21 01 66 71 29 60 
37 06 66 52 06 09 61 43 76 22 22 62 84 50 22 46 43 58 17 29 18 61 46 07 67 42 07 44 25 12 79 37 17 32 88 23 17 36 41 04 34 62 41 29 23 62 50 41 07 42 69 24 14 26 07 56 68 77 76 68 88 66 80 17 10 79 15 02 02 55 05 11 04 22 39 26 83 88 67 02 17 23 01 30 25 71 86 68 60 73 47 35 26 38 51 11 04 41 12 69 
07 81 80 10 14 06 12 08 70 54 73 86 76 74 28 12 32 25 79 03 73 13 38 10 26 64 21 29 17 32 74 87 24 65 73 37 46 84 21 27 49 05 25 12 54 28 24 86 28 78 64 12 03 77 21 28 53 41 33 45 73 18 19 72 58 03 21 15 86 17 18 46 21 18 34 51 45 57 48 72 46 87 83 24 76 79 28 16 32 60 60 80 53 78 39 86 81 35 76 54 
51 05 76 48 86 21 10 42 53 33 01 74 31 59 10 18 50 13 33 57 72 68 24 12 34 62 73 02 09 60 55 59 41 18 18 38 38 03 56 02 35 56 76 42 27 61 35 52 73 44 20 32 23 43 19 32 16 03 33 24 38 64 59 54 81 76 68 31 55 35 08 01 66 83 18 68 31 53 31 15 08 26 46 06 68 40 38 60 42 46 59 80 21 29 21 14 81 88 20 47 
34 03 23 12 86 41 79 04 05 86 19 76 23 40 81 03 80 06 38 09 28 72 64 48 13 85 37 69 84 32 03 30 35 01 17 08 41 71 11 21 68 05 08 03 45 65 69 12 46 18 20 73 01 84 09 77 56 45 33 51 53 35 80 87 12 72 06 52 55 80 49 34 85 56 12 17 08 80 04 30 73 87 14 50 58 22 14 25 43 23 76 07 57 43 05 44 27 74 08 57 
41 56 02 13 87 78 29 71 69 08 12 30 07 25 55 40 23 68 65 65 02 28 71 35 70 51 78 72 12 61 40 52 04 18 65 03 07 69 49 51 53 60 80 59 60 46 10 82 02 50 58 03 77 16 13 59 42 67 18 53 39 58 81 43 51 33 21 57 77 69 19 41 40 75 75 11 32 61 05 33 22 38 12 11 30 24 45 71 02 62 36 17 07 04 59 57 36 79 01 24 
59 20 41 74 06 27 84 13 87 64 22 21 78 33 07 19 32 27 65 10 88 12 26 71 79 60 15 26 50 16 26 84 11 66 69 16 68 40 04 67 80 25 63 69 57 69 63 65 07 39 74 70 27 75 28 17 46 43 19 71 58 44 42 44 85 86 59 64 37 62 18 04 63 80 72 31 36 22 71 18 37 32 64 63 18 03 55 39 21 73 85 54 04 14 09 64 11 43 40 24 
81 33 27 55 01 75 61 36 08 44 30 20 51 05 82 45 71 49 83 04 09 56 33 13 45 42 52 56 84 03 79 76 12 81 18 12 67 79 23 51 10 28 70 60 08 40 16 79 64 75 58 72 18 02 60 62 19 24 29 79 02 83 42 77 76 60 88 30 26 87 80 35 26 38 70 34 77 86 88 28 48 57 11 65 34 47 38 29 46 43 19 23 13 60 12 64 07 11 06 32 
09 61 42 11 74 24 44 62 85 43 65 44 75 76 84 84 10 09 88 31 51 18 53 40 54 64 15 60 51 84 68 35 57 21 45 18 20 88 80 16 18 32 35 04 83 30 64 04 39 63 34 65 57 63 16 22 38 07 57 88 02 12 11 34 09 55 52 28 55 19 20 48 50 54 52 45 84 03 24 10 41 58 74 09 08 66 06 45 72 39 21 73 50 31 83 34 61 46 62 27 
64 57 75 01 22 14 45 81 80 69 02 32 14 52 41 21 05 22 41 76 60 61 36 86 67 30 31 40 75 68 42 26 36 04 27 58 81 47 26 72 27 04 80 40 31 32 36 35 53 77 22 01 25 33 86 68 63 28 83 25 08 12 27 43 16 53 76 72 75 14 32 14 81 23 29 23 30 65 57 82 29 54 58 53 86 55 08 36 83 02 61 66 14 87 20 05 27 72 76 13 
61 19 02 53 17 31 51 46 71 19 16 75 48 73 15 45 40 23 81 10 88 29 75 13 03 06 81 29 53 69 17 25 63 19 53 80 25 15 13 71 09 28 33 56 13 47 77 52 45 45 61 45 73 47 33 75 28 26 79 81 70 71 81 20 65 46 75 65 60 88 23 69 27 55 36 39 14 88 02 58 44 38 78 28 60 23 78 88 48 44 56 05 27 24 24 67 69 11 44 17 
10 66 85 36 33 08 75 22 08 52 55 51 66 45 55 37 43 20 12 66 40 43 70 42 67 05 20 23 79 39 39 88 17 35 12 25 19 62 22 02 01 76 52 66 08 82 79 50 78 02 27 05 45 72 46 87 77 65 21 43 16 60 19 08 70 30 08 88 03 29 01 67 16 29 45 88 86 35 49 51 12 52 55 32 35 12 30 87 53 27 42 44 86 60 27 67 65 34 43 43 
62 19 21 53 23 41 52 21 51 77 71 63 40 14 70 50 01 12 49 53 38 66 72 11 13 10 53 77 43 07 07 80 26 27 45 24 44 08 44 06 60 03 44 11 80 26 37 80 37 61 45 50 38 04 60 26 14 24 78 32 07 84 88 08 86 44 31 41 27 51 47 87 53 02 73 44 27 21 35 39 81 55 88 06 35 35 31 48 35 84 55 41 79 54 24 77 73 54 29 76 
16 51 50 44 53 34 63 55 31 74 06 87 16 69 69 50 16 75 73 50 71 16 66 37 45 01 25 30 30 30 81 46 80 42 65 44 51 40 11 57 25 80 32 40 60 12 66 51 62 50 12 44 65 53 81 22 53 81 27 83 22 19 16 14 60 80 33 86 31 43 55 31 10 86 47 70 73 24 32 46 49 20 02 26 72 58 23 13 50 49 71 48 67 86 61 14 53 05 11 60 
24 41 02 33 14 24 78 86 23 22 44 72 41 21 73 88 78 07 12 15 31 82 38 73 55 10 86 20 79 72 79 78 01 56 22 14 80 12 12 14 09 55 61 25 51 21 24 16 27 12 06 33 69 44 17 36 29 78 55 19 38 21 08 38 76 06 27 67 81 38 57 01 68 05 25 30 26 24 45 28 35 51 61 16 06 77 27 10 43 57 29 80 77 12 29 64 81 55 19 73 
69 51 49 24 31 49 54 56 73 74 60 83 12 32 74 81 84 76 03 38 44 07 29 32 18 33 72 11 64 66 59 20 04 84 43 34 44 08 66 04 58 37 63 69 44 48 62 39 36 64 53 55 70 57 63 63 02 46 49 41 87 20 60 02 79 78 11 34 62 76 38 31 88 12 11 43 35 48 58 46 87 22 13 44 78 75 19 55 08 43 07 70 38 42 47 28 32 57 62 05 
21 75 11 20 62 21 39 08 45 08 54 43 05 42 63 82 04 81 25 75 11 31 56 49 49 14 76 56 46 25 60 42 11 70 38 72 66 76 80 86 59 21 41 63 38 79 32 41 47 56 27 57 63 58 17 23 47 69 78 04 05 25 22 80 70 59 63 47 46 30 45 16 26 61 78 63 51 85 79 09 53 17 41 27 50 58 25 08 14 14 76 18 14 09 09 83 67 48 41 24 
77 61 15 79 09 68 53 59 64 44 43 28 36 84 30 86 29 54 69 42 43 56 35 56 40 20 50 18 67 67 17 31 15 07 21 24 74 50 58 26 05 13 53 16 72 59 77 76 24 58 05 43 01 15 10 41 34 36 34 76 14 51 19 04 57 39 27 19 88 85 44 68 73 72 60 32 42 48 19 42 81 87 84 82 13 05 34 47 16 43 34 05 05 28 09 38 43 35 56 42 
07 11 86 55 58 57 86 12 16 80 29 09 78 24 66 67 04 75 01 20 29 10 24 10 38 08 47 80 19 14 09 25 88 70 80 57 38 53 44 30 45 72 14 10 07 79 52 75 41 52 06 69 38 05 78 75 77 12 42 07 25 26 31 24 08 86 57 21 51 12 50 71 84 39 56 66 05 20 52 45 47 57 02 84 38 55 46 26 67 63 32 03 65 38 03 72 12 35 04 62 
46 30 20 17 44 51 83 49 46 46 69 05 79 70 64 28 13 86 29 79 36 36 57 12 73 35 59 84 69 39 33 03 68 28 19 87 79 13 47 36 59 28 16 49 73 56 52 85 29 80 51 64 27 20 52 75 54 22 47 11 60 55 13 15 83 07 14 73 84 60 84 54 63 76 78 24 19 17 84 47 08 47 86 10 66 49 60 07 47 18 81 18 73 69 09 43 76 22 03 71 
57 86 12 08 49 01 31 67 81 26 01 88 48 63 73 25 87 20 08 45 38 88 39 86 69 47 40 32 68 18 14 36 15 01 19 40 01 49 82 81 51 83 56 10 57 16 11 55 35 82 12 48 57 26 21 37 72 36 44 51 53 57 62 44 33 81 83 33 17 76 01 67 46 32 53 14 23 39 45 58 32 32 81 88 57 14 13 40 49 56 66 14 01 39 33 33 07 27 42 24 
78 18 66 36 26 30 25 48 68 69 81 75 12 50 51 44 63 63 83 87 06 60 76 70 75 20 79 81 22 32 80 12 25 58 47 50 63 71 74 19 28 42 05 39 03 31 83 65 05 53 40 75 01 27 56 75 23 46 43 44 53 11 55 54 44 77 79 18 36 64 36 63 18 17 77 84 47 71 37 28 12 76 78 12 14 21 62 36 67 80 56 07 02 22 60 45 11 51 39 22 
02 50 84 83 42 72 79 65 31 27 04 42 14 57 29 03 77 02 15 31 57 70 38 35 67 73 79 53 11 05 74 13 55 69 07 08 29 61 72 59 87 51 12 76 19 40 55 72 17 69 14 73 26 51 19 04 12 74 33 22 78 18 34 20 63 17 04 03 53 51 61 52 78 48 15 72 63 69 55 79 25 69 39 50 07 58 30 18 19 62 40 72 55 49 04 05 41 71 07 06 
33 43 33 86 66 23 70 40 04 36 06 04 80 45 30 87 78 59 80 08 08 07 79 38 32 58 43 48 16 49 53 49 68 61 46 45 60 03 61 39 39 42 42 06 86 71 68 51 17 60 34 24 42 01 38 73 34 80 33 50 16 61 10 83 10 31 16 69 34 52 19 48 05 36 29 67 19 09 05 35 44 39 35 85 39 72 70 72 39 78 09 54 50 18 25 35 25 16 15 34 
67 09 57 47 45 85 25 39 05 30 49 48 44 83 21 82 42 02 41 80 55 50 22 16 43 46 27 43 37 41 52 15 26 20 61 70 81 62 20 85 03 68 21 46 39 41 15 56 18 31 24 72 56 45 63 11 66 01 29 14 18 81 04 43 76 40 88 68 13 19 41 79 62 37 12 12 53 02 44 70 33 67 29 88 23 67 74 64 44 79 53 37 71 56 79 58 07 54 38 20 
72 54 74 21 02 86 09 54 87 52 35 31 30 39 07 28 81 56 67 36 46 31 48 04 86 14 38 68 67 51 63 26 16 49 47 17 46 55 70 20 18 80 27 23 06 33 50 86 64 28 10 86 34 57 65 07 71 14 74 49 64 49 75 55 09 09 71 30 63 28 49 56 83 75 54 88 83 79 62 35 82 47 32 27 15 08 33 61 86 18 86 37 42 48 04 26 56 50 31 06 
78 80 37 48 42 02 48 13 80 85 47 73 43 54 11 33 37 19 06 34 12 67 71 54 26 50 55 81 11 86 62 64 53 74 88 06 75 23 82 42 19 16 02 37 69 76 69 82 06 74 03 17 28 49 46 53 10 13 21 85 74 82 36 38 43 35 19 29 57 13 46 51 28 47 87 73 34 68 42 15 29 44 32 57 05 53 21 14 65 18 74 50 75 22 63 30 56 82 58 01 
70 80 51 09 38 50 57 72 29 74 86 57 30 05 01 34 58 86 23 10 15 09 36 01 06 10 30 37 67 64 37 48 55 64 33 04 25 01 51 29 51 25 61 80 29 62 01 62 59 23 48 73 07 59 73 76 68 79 25 23 54 37 70 20 12 14 23 12 79 50 40 41 74 77 32 78 26 32 52 60 30 75 44 13 45 04 88 88 82 24 22 23 61 04 42 48 81 65 36 71 
26 51 87 75 39 30 64 64 37 03 35 43 77 54 55 09 34 54 09 03 54 06 26 02 73 67 49 66 19 84 24 20 47 23 06 61 28 70 13 41 48 47 83 37 77 49 21 86 78 29 88 43 11 01 44 83 68 69 36 62 40 60 82 62 58 63 35 85 20 47 37 68 69 07 16 33 31 36 30 21 41 30 63 51 30 83 21 73 63 57 23 14 28 16 76 61 54 86 57 74 
44 70 53 88 52 44 33 83 55 62 15 07 67 53 33 73 23 30 57 61 86 55 75 01 70 38 61 36 35 05 85 54 50 49 53 14 04 61 08 34 35 86 17 13 26 25 61 49 54 06 21 27 60 71 27 42 84 63 53 30 44 25 59 05 73 88 18 52 60 01 85 06 86 13 83 88 38 55 48 03 60 44 06 08 03 32 25 86 71 77 04 26 77 38 30 61 37 24 88 09 
24 84 78 22 73 48 21 86 15 44 64 50 63 69 57 41 13 81 39 59 45 18 84 33 55 01 69 68 24 68 76 24 40 65 21 24 25 41 85 15 60 60 40 10 41 73 51 29 41 65 87 62 82 58 06 24 34 51 03 34 06 54 57 45 31 77 44 31 05 40 21 40 12 36 49 28 20 75 56 61 51 30 34 20 87 15 20 08 41 22 41 47 76 73 03 82 61 23 88 41 
62 84 80 49 31 17 76 51 03 19 87 54 48 08 49 22 22 68 30 63 02 46 21 53 31 87 22 67 21 85 20 59 80 75 83 86 03 47 48 06 65 22 35 25 29 83 22 27 63 51 65 40 09 61 68 15 59 01 81 56 61 12 02 52 87 84 49 01 42 73 70 19 06 16 19 11 75 40 37 49 67 13 88 51 73 43 65 19 43 57 74 15 69 75 42 43 47 02 19 88 
50 01 82 32 80 12 42 66 52 54 02 06 66 65 56 26 19 32 44 37 88 06 51 44 56 68 86 14 46 17 78 07 81 71 38 72 83 55 26 22 20 03 27 85 68 58 86 62 01 18 11 88 87 37 20 54 17 17 44 62 33 33 68 01 79 82 49 73 48 74 70 44 76 72 40 31 41 14 05 17 31 15 17 29 51 36 58 43 28 77 16 37 85 60 37 76 53 85 36 76 
46 18 31 10 65 47 40 82 60 44 10 66 34 26 70 61 37 15 15 41 04 31 77 88 66 25 75 30 86 23 81 43 16 24 52 56 46 68 49 81 87 59 58 33 60 15 69 73 29 59 25 32 01 13 32 66 13 82 71 74 80 64 05 71 63 56 39 20 11 87 12 10 33 45 18 05 59 86 53 87 56 77 07 33 65 38 74 53 07 33 39 87 72 43 69 22 74 83 41 61 
58 28 70 02 72 87 70 18 60 34 80 03 86 86 11 38 11 61 03 18 05 17 16 76 35 60 73 84 31 25 56 88 28 37 65 75 11 23 04 46 32 83 49 30 57 59 67 67 31 45 84 11 61 75 62 07 23 46 03 53 46 34 28 73 71 04 59 57 26 38 15 58 09 39 63 65 09 41 19 16 62 15 02 34 65 64 41 87 21 19 51 67 52 54 27 10 58 62 43 59 
75 57 04 83 07 66 35 79 83 54 70 56 44 72 65 20 23 81 19 43 11 45 85 39 11 24 24 44 61 66 78 47 10 82 18 80 35 52 47 05 81 28 36 36 75 13 32 09 69 50 28 56 70 88 06 56 23 29 75 59 71 65 18 80 34 35 72 44 62 30 49 55 33 60 66 20 48 09 04 29 34 07 84 80 07 65 47 05 69 10 64 51 74 81 19 83 03 02 38 64 
07 62 06 39 10 48 34 57 56 14 61 66 20 32 57 26 72 79 31 53 88 06 79 49 62 09 43 64 74 57 15 56 30 85 71 39 44 16 72 11 29 20 52 25 28 20 50 11 75 80 39 50 61 30 75 10 14 29 49 64 61 64 07 03 60 77 17 79 05 64 01 09 84 29 09 23 24 59 09 10 26 48 36 63 53 22 72 42 26 33 17 87 72 24 65 19 76 57 09 80 
33 73 65 04 13 73 26 37 19 34 22 45 57 33 19 21 54 66 63 56 10 55 54 81 54 06 11 42 62 83 09 06 68 49 09 80 34 10 04 28 20 02 72 76 34 66 73 88 20 23 55 29 77 84 86 19 01 72 36 62 67 44 68 46 69 52 13 78 62 17 17 81 18 65 44 51 42 28 26 61 50 80 66 15 51 63 33 51 22 44 25 88 87 68 45 43 31 34 32 68 
50 49 60 43 25 80 69 42 19 07 79 45 62 56 35 25 06 67 75 27 86 75 03 60 30 23 15 61 56 46 40 81 06 76 35 30 67 80 48 61 86 38 81 35 69 27 59 50 69 22 52 66 72 54 38 14 77 52 50 20 09 01 13 79 52 23 84 06 14 43 43 75 80 35 22 36 38 56 85 82 53 49 60 13 78 73 26 42 12 75 62 84 51 50 74 79 48 70 84 38 
24 14 88 80 25 21 27 62 53 24 31 81 48 66 05 37 50 06 55 37 56 28 33 83 53 82 49 12 63 44 49 63 34 49 30 58 45 56 07 73 55 37 42 78 15 22 03 40 04 57 77 59 84 85 29 24 78 77 35 53 09 60 03 42 84 32 75 16 63 81 65 06 29 18 59 19 15 61 59 18 29 23 53 88 19 57 87 08 46 34 36 30 69 14 47 40 21 33 55 84 
25 07 65 29 24 35 24 15 72 58 32 76 80 60 76 10 29 74 81 74 83 29 79 39 42 37 78 63 69 21 34 69 27 74 09 27 84 08 17 67 65 48 55 56 20 18 41 48 67 34 09 38 62 87 52 79 35 42 29 79 38 62 59 40 47 43 42 19 51 58 85 27 18 27 83 13 20 35 60 63 68 44 12 17 18 63 08 52 80 36 18 29 74 76 45 08 30 86 26 80 
56 87 19 49 01 13 61 21 23 08 83 03 51 70 83 68 20 02 07 12 14 24 16 87 75 60 70 16 34 08 08 01 70 02 49 70 14 21 66 12 04 60 78 54 17 73 09 37 50 79 24 63 78 39 37 64 75 83 79 20 02 62 84 47 63 44 28 52 40 06 64 43 41 29 72 58 13 56 70 63 22 05 13 11 19 26 50 05 20 16 88 85 78 83 43 28 14 46 80 29 
27 31 47 68 59 06 13 48 37 82 86 58 62 10 44 80 11 05 85 30 21 60 02 74 31 44 13 20 66 68 49 04 10 71 47 45 77 35 68 25 04 65 59 65 50 78 57 61 83 29 66 79 88 68 40 30 87 52 26 64 08 50 44 81 32 02 37 84 13 80 85 16 56 55 81 18 20 49 78 78 77 31 68 52 10 83 58 09 23 83 72 30 44 03 22 51 05 35 47 81 
26 43 08 58 73 88 75 04 24 40 82 76 70 37 40 80 08 73 64 30 67 23 59 86 26 56 48 06 66 06 86 68 24 05 37 72 69 87 52 68 38 21 56 83 57 71 50 64 55 25 69 09 48 15 06 73 71 53 78 24 35 75 03 34 55 15 82 11 13 45 79 26 65 22 21 09 04 70 49 34 07 29 42 30 44 47 14 02 75 67 25 85 29 04 31 83 82 24 06 71 
44 60 08 20 81 28 28 60 74 76 05 56 81 46 85 36 68 74 37 54 52 37 27 56 16 57 50 10 56 31 80 11 66 63 06 58 67 09 29 52 61 33 19 53 54 15 64 09 64 76 39 27 24 65 82 16 09 19 01 64 26 56 50 03 30 31 37 08 39 65 35 75 74 53 39 15 43 78 24 18 65 62 20 65 38 77 80 46 72 80 85 09 47 22 75 52 28 23 60 66 
64 70 53 25 35 67 39 53 57 38 47 09 11 66 73 24 31 64 69 14 31 41 86 53 38 72 17 65 71 52 19 22 33 47 46 43 01 60 08 33 10 30 42 20 71 26 44 13 66 88 26 08 17 23 37 30 71 29 07 53 56 01 50 88 47 07 19 23 66 02 56 51 31 09 71 13 34 02 26 11 65 27 83 81 50 31 23 08 59 05 36 26 05 85 01 27 03 83 25 44 
84 80 07 02 88 53 15 10 54 16 84 06 18 78 87 43 84 85 50 30 01 85 31 69 81 08 71 59 02 07 15 62 63 85 63 38 25 53 47 54 68 19 59 62 72 57 16 68 29 66 73 05 38 80 73 31 87 31 65 88 14 55 61 76 51 36 25 75 64 48 40 20 66 75 81 49 19 08 04 48 73 53 52 87 44 13 29 42 43 05 17 32 60 78 19 86 01 20 49 40 
67 64 59 44 50 51 68 69 59 48 28 19 12 55 17 31 67 21 72 86 02 88 29 37 53 24 34 29 43 58 69 21 34 39 40 83 66 83 39 36 42 66 30 29 09 23 59 75 43 18 48 20 82 53 56 46 76 66 51 30 35 07 50 68 21 01 39 86 59 77 09 77 31 39 17 39 37 52 01 79 69 49 11 38 13 66 60 64 43 22 05 54 04 54 33 24 30 71 22 88 
36 06 76 66 44 69 80 80 32 80 47 76 16 33 02 04 74 61 67 05 58 71 58 61 12 02 84 41 49 81 17 84 87 68 37 18 48 28 74 55 19 32 19 11 64 20 14 25 80 81 29 49 39 86 85 51 64 80 03 88 49 83 59 47 63 07 64 86 10 49 53 04 56 47 14 07 66 28 32 33 84 36 57 34 34 53 60 73 20 39 72 68 33 18 26 71 24 66 69 09 
02 33 12 34 55 26 40 32 29 47 40 24 83 08 33 04 36 69 76 55 19 35 11 51 28 12 10 27 77 78 35 55 86 46 88 52 71 39 59 11 62 10 10 56 17 19 59 28 87 22 82 81 32 68 19 59 80 28 85 68 17 31 34 78 52 09 41 35 24 11 21 85 20 07 52 12 01 86 39 63 83 09 55 02 76 49 36 67 77 32 23 69 38 32 59 01 41 11 11 64 
86 08 36 17 78 63 05 78 36 19 28 30 03 58 07 55 18 42 09 06 73 07 51 86 39 21 62 55 07 49 06 04 56 41 85 45 79 65 10 26 83 13 55 62 70 37 28 87 78 12 69 38 19 31 35 33 27 72 87 33 32 68 37 87 84 09 19 74 73 04 11 43 16 41 16 61 77 19 60 66 31 16 79 49 22 25 81 48 72 55 80 16 34 04 14 05 12 09 78 60 
12 64 15 04 80 30 64 68 49 11 21 55 26 11 15 47 11 71 06 82 13 62 73 46 65 87 26 53 71 15 88 58 54 14 61 45 20 37 88 44 47 84 10 49 70 88 07 80 70 77 49 82 50 34 15 02 08 40 30 78 30 30 47 59 19 84 15 38 08 14 81 30 73 02 78 54 65 61 21 46 49 45 15 74 78 05 51 61 20 57 26 49 86 49 83 16 44 09 30 27 
86 22 56 70 88 46 35 64 18 55 86 42 76 76 03 65 81 29 14 12 85 15 37 58 63 31 50 82 16 79 20 13 76 52 59 75 09 69 27 02 12 88 19 87 75 85 39 43 25 52 55 86 43 67 55 81 09 16 75 24 06 70 13 58 33 71 20 17 51 46 82 62 21 12 36 08 72 75 50 09 14 80 70 56 58 36 49 43 52 11 66 33 80 54 02 01 36 86 81 63 
43 75 12 64 62 48 47 22 10 72 06 23 40 75 79 09 22 39 51 49 25 05 58 16 34 35 80 46 32 49 20 51 11 07 26 72 30 48 69 39 07 74 62 46 60 28 55 82 42 81 18 66 61 75 57 07 22 25 52 29 73 47 79 83 29 80 42 59 39 23 73 46 08 22 67 44 49 33 37 66 02 30 43 38 17 12 20 14 36 47 18 84 69 09 54 10 88 07 44 15 
05 28 36 77 26 14 32 50 23 44 28 88 73 70 37 65 57 57 54 68 15 72 63 60 80 28 69 55 11 24 69 15 27 80 67 52 06 10 78 04 29 17 03 14 86 15 54 31 71 20 10 62 03 73 33 58 76 77 24 86 76 69 77 14 60 55 42 41 41 31 44 69 23 46 58 20 61 24 50 19 43 36 56 21 20 64 78 71 52 77 45 39 57 33 29 05 63 46 45 79 
52 01 60 74 22 29 69 82 28 07 77 70 42 44 66 37 84 31 19 47 20 63 62 52 71 66 56 22 23 13 12 74 13 47 35 10 76 15 68 79 21 56 61 62 75 14 10 70 45 05 05 40 67 42 03 26 19 35 47 41 47 58 02 35 81 36 20 68 50 87 34 47 54 70 20 17 84 06 62 16 10 66 55 52 19 33 77 13 67 11 29 01 45 30 11 37 41 31 80 67 
29 25 25 59 07 20 75 66 25 48 81 10 02 47 38 84 55 02 09 10 13 37 10 33 43 85 69 59 03 36 37 31 36 37 65 42 57 51 83 57 75 75 43 52 09 80 23 64 81 31 49 05 44 34 13 62 30 81 32 32 04 69 39 40 81 15 57 49 42 52 82 04 38 36 55 23 27 53 62 19 84 22 88 15 55 12 52 85 69 83 04 72 39 42 87 32 33 56 56 74 
83 49 53 08 84 83 30 86 47 03 17 18 24 16 08 79 03 59 51 71 54 54 31 68 72 29 11 16 84 43 65 54 03 05 62 63 87 03 60 21 06 76 39 05 67 46 83 46 81 21 28 46 75 58 25 34 87 12 49 58 54 01 24 32 05 85 06 67 63 66 87 44 29 37 49 72 59 19 29 51 40 32 72 02 02 72 35 64 83 59 09 24 59 08 56 39 68 37 17 43 
14 15 86 19 28 22 66 86 41 70 24 56 13 07 33 78 78 67 29 49 13 38 72 71 21 15 85 01 52 13 43 41 03 16 35 30 38 12 03 54 57 26 21 70 08 53 35 62 07 64 22 19 77 69 65 73 60 61 73 23 49 27 39 51 19 74 81 56 61 83 21 30 85 17 75 04 45 21 65 51 60 62 45 24 19 21 09 78 57 81 12 17 84 26 43 14 11 11 45 48 
