100 100 100
73 40 88 08 19 19 49 07 08 67 47 11 77 02 71 02 80 45 32 47 55 91 01 07 91 61 79 02 10 60 93 82 99 32 42 70 03 90 76 10 56 22 21 84 76 43 86 55 39 69 53 94 60 53 52 02 13 30 56 22 90 48 56 40 79 97 09 33 38 36 43 45 58 15 28 85 57 65 91 47 86 43 40 97 95 44 98 59 73 53 80 14 52 87 54 83 35 14 15 72 
50 57 16 59 71 96 43 79 12 85 26 97 27 17 93 73 60 43 31 85 95 62 50 99 49 55 33 83 69 47 07 18 56 74 76 78 69 70 09 33 54 34 29 80 02 74 04 14 16 34 98 62 95 99 60 95 54 92 78 22 91 84 39 98 57 66 75 78 35 83 10 40 68 90 71 70 63 74 35 30 07 84 92 53 82 03 48 35 47 77 56 89 12 46 86 68 63 60 97 49 
43 58 88 10 48 58 31 62 83 65 44 89 100 87 94 82 89 93 16 87 69 24 75 80 21 60 99 84 20 96 32 14 05 20 75 04 29 06 18 12 22 61 52 22 47 97 55 87 89 70 74 57 45 48 36 66 08 87 49 79 34 80 92 38 51 66 42 80 23 59 43 97 71 94 18 69 91 72 55 79 93 28 88 38 28 75 55 87 61 03 65 94 34 08 32 85 73 25 64 48 
35 06 44 57 51 13 25 93 84 79 72 28 59 11 17 86 85 71 72 46 25 88 39 59 95 22 43 19 98 06 18 84 63 61 40 13 73 64 06 08 43 29 36 01 39 04 38 23 75 61 20 99 48 11 57 94 84 51 64 82 56 82 65 70 42 57 83 67 20 40 74 14 20 61 14 10 65 03 84 39 63 04 89 62 66 98 55 49 48 71 82 56 52 99 25 45 55 59 11 74 
50 85 88 21 97 53 30 61 56 14 51 70 69 92 32 34 89 38 34 88 60 16 95 11 14 72 56 20 82 18 93 32 54 32 04 51 37 34 11 44 99 14 13 19 05 96 04 45 86 37 84 45 04 79 08 17 50 63 88 31 80 81 14 86 64 70 36 100 55 46 43 53 11 08 23 15 55 78 11 40 14 95 37 70 73 44 38 74 06 26 56 37 06 22 22 21 91 09 73 45 
07 67 49 17 74 23 32 81 100 42 20 65 88 08 34 60 51 72 33 08 97 41 97 54 62 70 74 52 79 98 48 85 65 96 01 90 18 84 70 69 78 42 33 65 49 67 77 100 38 61 07 34 01 55 39 62 25 64 13 03 62 12 39 26 07 39 15 76 75 85 44 04 78 77 20 26 95 96 25 32 57 84 17 09 38 55 71 14 70 35 16 31 47 54 56 05 45 23 33 71 
59 76 26 36 04 45 61 98 93 38 81 01 21 97 09 10 03 31 24 73 66 91 55 64 97 11 68 41 85 100 63 43 28 88 78 31 84 38 81 76 75 61 28 47 10 37 09 64 67 84 88 84 74 43 47 70 05 67 62 89 66 76 31 45 15 08 76 99 97 08 26 24 20 54 22 29 42 30 45 60 65 32 96 91 74 42 60 30 08 74 18 26 01 100 70 16 59 97 14 56 
04 91 31 76 44 52 04 37 34 100 49 50 32 44 40 57 37 52 87 97 25 56 22 77 56 43 92 66 92 05 73 95 96 03 22 91 07 26 80 92 25 28 41 08 71 81 65 07 32 03 55 08 58 76 84 65 71 28 31 62 32 03 08 79 58 30 22 64 07 01 07 83 28 47 91 50 79 07 08 62 09 63 21 18 90 57 35 60 84 65 73 67 19 81 46 76 62 67 91 68 
19 97 50 46 44 92 47 74 98 54 36 58 16 56 28 58 64 62 17 47 78 42 14 48 22 11 24 35 29 66 02 47 63 03 44 58 95 90 31 44 43 18 54 11 26 33 68 89 46 36 88 23 77 01 70 50 63 45 84 91 11 37 37 25 40 32 82 86 21 64 81 63 34 34 73 59 18 92 99 63 28 86 85 04 38 07 54 100 03 89 90 65 26 78 89 65 09 22 02 81 
86 82 44 19 68 68 29 85 60 27 48 87 65 84 42 02 42 47 54 45 36 95 09 13 73 50 29 33 71 30 14 56 11 09 26 30 28 06 15 87 85 62 25 49 97 19 02 39 65 55 83 52 50 43 64 74 92 92 06 63 21 71 70 84 31 48 13 59 53 27 45 37 40 22 37 37 40 39 27 56 93 09 08 42 03 71 15 95 63 73 09 35 95 78 18 26 77 83 84 82 
61 80 70 01 53 07 89 92 45 15 48 89 75 07 83 77 77 97 71 91 21 79 78 16 09 47 41 37 29 76 18 90 55 88 42 08 94 82 51 90 96 50 78 70 08 60 98 85 09 21 27 81 51 56 48 59 03 88 48 31 15 65 72 22 52 13 81 97 94 31 86 41 33 16 62 40 27 60 76 87 80 55 20 30 10 67 41 12 07 88 95 21 04 66 42 56 31 22 04 76 
05 42 17 89 57 78 80 35 89 08 74 20 62 93 02 23 59 42 35 65 81 81 86 36 46 79 91 76 53 47 04 09 88 20 97 44 49 76 30 38 83 03 57 96 95 58 19 06 51 05 70 83 85 07 19 82 38 61 10 90 07 13 98 94 32 46 89 80 73 19 69 08 73 78 03 20 35 73 25 38 77 46 20 61 53 90 95 90 51 04 79 57 16 28 03 47 73 91 78 45 
09 99 52 34 76 07 53 62 79 77 99 08 22 71 20 26 60 14 15 10 17 45 19 32 24 21 30 96 11 08 93 72 58 96 05 33 02 09 94 81 85 93 88 58 63 07 36 22 21 02 84 37 47 02 21 22 22 50 70 32 09 62 55 66 57 59 98 59 67 92 91 03 36 30 13 50 88 48 23 60 49 06 49 47 07 69 69 28 18 38 12 79 51 66 44 07 77 42 17 43 
85 59 98 72 88 10 21 76 09 95 35 57 01 35 56 59 03 24 39 73 13 50 51 63 67 94 21 43 87 90 38 23 48 35 94 36 96 66 63 04 61 49 12 61 84 67 19 38 42 57 10 54 58 60 68 25 06 41 19 92 30 56 15 77 42 60 64 89 26 78 44 86 27 56 98 10 22 68 47 16 77 09 21 86 20 89 10 25 81 29 69 10 36 83 38 30 94 54 18 19 
31 62 56 57 17 05 18 90 73 17 05 01 77 78 86 96 66 48 21 98 76 89 59 63 23 96 92 16 01 62 35 32 23 42 40 91 47 10 32 71 78 89 71 54 66 08 49 31 55 21 80 82 09 38 45 83 85 88 99 86 49 85 69 71 26 08 13 24 69 45 94 46 33 16 99 98 76 100 80 30 20 59 12 81 96 08 63 80 95 61 17 96 45 85 18 23 45 31 46 13 
27 92 11 59 59 09 08 34 60 87 64 80 45 27 60 92 86 22 23 32 35 40 27 31 76 97 53 72 27 51 85 05 94 47 63 52 55 70 38 67 08 53 46 52 79 57 95 64 30 17 95 64 08 74 95 36 70 99 07 48 01 43 52 94 89 66 98 96 87 35 14 94 39 59 97 69 67 91 84 96 59 30 12 19 03 06 06 24 56 64 71 57 59 74 50 99 39 99 46 77 
33 59 70 23 17 66 91 35 08 74 31 19 04 42 89 58 99 94 82 54 09 04 10 67 78 12 66 68 10 11 45 95 70 14 17 38 32 60 73 91 33 55 61 88 48 49 46 46 94 79 51 03 82 13 69 11 24 86 79 85 97 23 79 18 88 48 07 71 07 31 14 91 85 74 79 32 75 76 77 68 54 28 22 35 92 91 46 15 76 76 99 24 98 30 41 37 29 100 60 87 
30 73 77 15 98 07 98 72 82 75 40 35 54 61 22 45 03 19 11 31 94 61 54 43 42 47 31 70 46 90 08 27 14 85 41 12 91 39 83 25 65 74 11 70 87 32 66 41 50 28 71 95 88 77 37 30 75 68 51 72 09 59 98 23 95 39 34 37 29 68 61 45 42 72 14 80 55 31 20 57 58 43 51 45 19 88 26 45 07 29 16 15 39 13 37 85 03 22 21 31 
90 34 27 83 57 40 62 63 70 33 19 79 75 22 76 45 09 01 89 67 81 56 81 71 69 70 55 23 91 28 06 80 13 32 62 69 72 75 83 93 60 02 24 86 75 99 31 83 51 71 01 32 27 81 02 47 50 09 69 93 36 74 72 48 06 86 68 29 12 02 73 71 55 96 09 29 46 39 11 97 61 63 28 39 44 81 85 45 89 06 89 76 31 61 75 88 98 94 16 61 
96 41 84 50 88 92 79 34 82 41 82 42 04 09 33 99 41 17 95 82 74 84 09 05 96 84 92 45 77 60 05 24 52 88 74 39 79 04 24 60 44 05 54 99 65 86 97 06 54 44 39 28 27 47 32 74 30 75 18 59 34 22 34 85 10 07 76 40 62 51 100 58 56 53 56 72 90 05 29 43 48 67 70 26 14 53 99 95 80 16 05 65 37 39 50 98 97 77 38 59 
27 89 16 34 93 23 06 82 27 34 24 26 53 46 51 18 50 01 12 29 16 69 94 05 07 95 54 55 23 43 65 49 31 80 35 23 55 40 56 33 25 32 59 77 77 61 94 78 62 58 59 29 26 04 85 84 98 39 38 20 33 03 20 64 34 54 38 88 45 94 21 22 77 31 50 53 91 96 82 04 53 40 33 30 43 69 13 92 59 02 63 92 04 35 55 38 40 44 77 85 
89 49 58 65 79 07 69 22 02 51 77 06 42 09 35 37 30 99 80 88 01 95 79 04 29 33 93 20 29 22 56 17 70 13 82 01 20 02 74 21 04 50 27 46 11 13 34 40 12 13 27 12 59 06 15 87 90 60 59 18 81 14 87 50 27 20 02 46 21 75 18 25 25 96 22 35 09 55 26 20 67 52 31 26 57 97 64 47 08 22 16 88 36 02 90 14 21 91 11 42 
18 28 18 94 24 39 80 84 93 05 55 11 56 37 88 65 33 04 63 41 77 78 80 64 32 69 77 52 12 87 45 81 67 62 74 42 52 05 25 44 09 79 07 16 15 94 80 99 49 42 91 26 20 23 89 51 91 18 54 54 04 51 34 70 12 59 11 16 63 87 59 71 17 17 87 83 11 18 82 59 60 24 36 31 46 25 33 89 42 38 42 97 88 28 19 52 86 81 67 49 
68 77 71 84 94 09 67 04 27 100 14 38 75 02 20 21 26 52 61 19 89 54 67 29 81 85 80 19 66 46 67 33 22 89 68 15 98 86 70 76 37 36 13 12 37 32 84 14 35 44 84 75 97 50 03 78 35 34 96 100 79 14 84 53 02 03 19 51 89 41 26 25 76 90 88 64 73 71 29 59 14 12 34 11 61 88 40 47 22 35 98 52 100 81 04 53 36 75 04 24 
15 81 100 90 23 88 05 47 58 33 06 72 44 91 34 56 30 73 03 51 59 100 55 10 33 58 62 20 32 17 43 98 50 94 39 72 81 43 18 91 75 75 14 70 65 47 26 47 71 80 97 81 31 03 90 15 61 03 34 44 20 28 94 69 22 32 40 54 75 09 96 01 84 09 71 100 07 48 46 29 79 95 09 09 97 50 76 09 53 09 05 72 89 98 40 62 29 31 15 55 
91 11 56 26 71 26 26 78 25 23 58 03 69 67 63 66 68 38 26 20 99 82 91 87 79 82 48 60 64 14 14 55 76 69 80 47 46 57 76 70 32 33 24 100 51 87 17 19 76 95 90 26 76 81 64 55 14 11 66 30 77 79 84 52 48 15 50 45 24 77 15 55 62 90 06 12 28 23 82 56 17 72 81 92 04 45 98 69 07 63 98 35 94 33 87 41 100 88 85 23 
65 51 29 26 93 34 89 20 56 23 27 24 94 08 68 49 04 17 17 10 32 67 45 25 51 83 65 50 22 01 72 86 04 52 63 48 86 04 19 93 26 46 69 71 53 36 19 08 52 87 17 35 05 13 59 56 47 75 05 69 28 29 06 31 80 21 30 17 24 48 10 49 93 78 19 97 65 89 04 68 27 73 03 32 85 61 87 84 36 43 04 63 71 09 45 03 29 74 19 04 
73 28 04 18 57 74 14 21 62 70 41 41 42 43 72 78 03 10 61 90 52 64 04 75 25 100 77 05 25 95 09 98 75 64 15 83 38 80 56 51 49 96 91 90 38 62 20 92 23 32 34 75 48 37 01 72 37 77 28 61 23 88 10 49 52 76 32 89 56 87 39 04 34 82 46 71 43 65 14 18 96 47 44 43 36 44 66 24 20 46 36 94 33 46 43 36 21 26 24 28 
64 15 32 97 96 29 19 90 93 32 59 40 31 02 35 66 45 52 41 16 97 76 62 82 73 04 17 94 81 41 21 44 07 04 40 54 32 58 95 76 41 54 68 71 55 54 88 100 05 28 67 54 56 28 35 28 83 51 73 63 43 94 58 49 49 97 54 33 06 49 60 47 02 27 69 08 32 57 59 89 36 26 42 91 53 28 71 36 78 43 50 73 88 08 73 37 56 27 21 62 
75 80 60 28 59 28 35 90 36 94 78 24 71 71 14 23 98 84 10 28 79 60 100 66 19 72 02 74 98 74 35 24 54 46 03 12 74 90 53 61 35 83 84 05 53 50 79 51 85 89 78 63 100 77 29 18 100 82 91 98 56 78 73 61 23 76 24 48 17 76 61 51 58 96 07 11 45 85 13 82 25 42 44 24 70 24 93 69 58 36 18 65 65 43 25 39 70 48 39 86 
23 99 88 33 94 94 95 91 30 59 72 55 100 67 30 21 43 75 41 100 10 11 16 74 53 40 64 22 39 02 59 13 100 46 45 46 91 91 36 20 49 59 74 100 25 04 72 19 30 13 70 39 75 85 64 27 76 27 100 14 29 58 27 80 55 23 25 45 66 12 64 66 70 38 66 47 93 89 65 22 53 35 12 27 71 27 53 47 53 52 12 33 61 90 13 15 65 89 59 30 
01 75 95 22 64 12 68 08 01 85 81 53 71 92 80 41 18 84 39 22 36 51 55 48 40 19 63 04 59 73 85 11 47 80 33 10 91 52 17 43 36 97 96 06 40 27 99 09 10 37 31 97 39 37 45 79 55 59 34 13 31 19 76 30 50 08 39 92 11 08 35 47 56 82 04 96 08 54 04 69 91 86 66 29 22 10 59 28 68 45 93 50 63 68 79 64 27 70 07 37 
29 41 83 84 74 39 31 33 92 87 02 82 72 67 63 46 28 73 73 47 17 65 96 31 84 27 94 10 48 01 47 76 93 29 59 19 19 42 51 11 28 52 44 51 70 58 96 97 31 21 95 47 85 43 30 21 69 23 30 16 75 76 43 20 57 01 38 75 94 88 37 21 92 81 24 13 38 19 10 20 39 56 67 76 98 96 96 66 70 25 33 97 53 27 68 09 28 05 35 73 
44 72 94 87 52 69 100 41 87 61 61 78 16 79 05 14 26 52 31 47 28 16 95 80 42 62 40 21 66 75 94 62 46 39 100 49 07 99 41 45 11 53 74 27 31 30 92 08 81 74 55 61 41 49 40 35 63 32 55 28 06 100 41 03 90 41 03 48 91 43 45 54 96 70 80 78 100 23 86 32 48 92 92 89 40 84 75 54 15 29 82 20 81 74 74 22 66 76 70 09 
18 66 62 65 35 93 43 34 67 28 66 14 19 57 54 10 40 28 64 06 09 97 77 41 22 50 62 40 77 83 48 47 48 61 11 35 53 53 68 19 32 85 84 02 94 90 64 85 69 27 91 77 75 19 69 48 69 83 87 45 65 86 43 65 46 54 99 98 58 18 68 90 55 52 91 48 93 54 84 61 32 74 90 58 93 58 06 13 40 44 09 57 30 52 21 75 57 71 73 14 
88 92 55 42 43 98 41 35 03 25 48 35 50 37 44 94 94 01 06 86 45 67 42 74 70 14 48 26 84 72 39 23 64 46 65 58 43 57 45 45 81 92 31 83 28 75 76 73 75 34 58 71 100 51 44 69 64 44 46 99 67 36 22 82 81 38 92 23 94 36 68 27 79 50 09 58 24 36 82 51 69 92 21 20 42 17 88 58 12 85 56 30 21 29 64 01 66 55 76 12 
42 95 90 20 44 50 29 20 85 10 70 06 01 42 25 43 10 65 52 73 49 59 55 69 88 18 22 05 72 97 68 65 43 09 36 86 58 64 05 95 73 26 100 26 20 76 20 81 40 71 54 89 29 08 09 68 77 30 73 100 78 92 64 20 01 99 58 10 62 62 04 86 40 55 11 59 31 30 39 22 52 44 62 81 03 71 100 79 52 24 78 82 16 41 53 68 91 10 77 04 
24 33 90 63 87 52 73 69 34 63 43 85 07 04 17 09 26 69 88 78 92 17 11 07 10 63 74 100 25 03 56 48 35 97 62 73 100 34 94 33 96 36 70 02 91 38 63 17 06 02 46 98 18 56 56 79 70 82 31 94 84 86 41 70 82 02 42 81 87 87 66 83 22 35 36 13 72 98 81 30 99 26 27 69 81 82 47 02 63 77 96 98 14 88 67 47 90 61 80 28 
47 45 10 21 31 46 85 54 95 65 83 46 90 61 14 22 43 12 75 57 41 70 07 54 58 73 01 99 33 80 26 32 76 88 52 06 85 88 59 79 52 94 24 93 54 89 66 48 01 40 05 41 62 63 46 19 35 46 69 20 77 46 51 52 33 54 09 17 93 20 96 96 13 71 40 66 60 57 66 12 96 70 04 09 32 49 79 18 95 47 89 23 93 91 27 25 44 35 94 88 
54 89 83 18 11 22 36 22 78 01 33 26 22 36 34 05 85 65 22 31 11 63 53 55 53 31 32 49 66 25 36 71 65 19 89 27 92 24 49 70 76 81 47 97 69 32 53 53 96 74 35 59 88 87 13 41 18 96 89 35 20 24 05 36 94 45 63 86 20 11 07 95 43 05 43 11 36 95 63 84 21 97 42 08 36 54 48 05 02 88 91 21 12 47 09 57 92 71 42 63 
33 100 10 75 04 52 38 92 47 100 75 19 49 16 26 36 21 26 92 22 13 34 95 76 80 55 33 23 25 26 86 09 78 95 35 81 98 72 24 96 24 50 14 24 65 92 11 38 69 54 11 81 87 57 57 18 11 41 41 87 66 78 47 43 72 82 76 21 53 51 17 28 01 30 51 17 73 61 06 41 66 17 74 52 25 82 70 36 22 62 74 39 39 21 34 62 02 61 82 06 
11 98 34 63 80 36 80 52 49 37 45 14 05 18 66 30 99 87 65 72 100 90 10 38 10 95 99 11 55 32 69 18 30 02 80 61 37 11 64 85 48 08 99 52 25 16 33 75 54 49 46 53 39 56 42 48 50 40 11 57 23 79 74 52 80 05 64 68 16 28 05 15 35 55 18 60 22 51 86 75 99 32 79 37 87 20 37 88 11 47 44 33 25 69 37 56 74 100 75 41 
27 79 07 62 85 24 73 06 26 58 80 77 89 10 65 27 29 01 67 39 47 62 72 23 31 08 30 56 07 05 96 86 35 02 47 72 77 71 77 55 28 09 31 69 18 95 95 47 96 13 37 94 75 60 69 57 67 98 64 26 54 11 63 41 64 09 12 40 79 88 94 58 48 24 26 66 19 73 64 66 85 100 59 11 60 27 19 78 77 82 55 30 92 17 22 55 77 33 47 07 
73 40 65 20 16 42 85 86 14 100 03 51 100 61 13 11 40 32 40 16 65 47 97 57 15 19 63 44 03 09 50 75 01 66 95 16 08 31 53 73 31 55 23 82 67 36 92 58 19 83 25 83 81 74 91 96 92 54 39 46 62 40 73 62 06 67 29 65 49 33 37 79 39 60 60 06 47 03 63 65 38 88 99 18 61 90 13 04 43 03 01 56 43 73 70 100 91 50 64 40 
83 100 18 21 11 30 78 09 32 41 25 69 80 24 87 92 65 51 47 59 06 99 14 100 72 35 99 62 85 14 01 19 13 71 39 76 100 17 84 83 09 09 04 40 84 90 83 48 92 81 06 97 79 71 96 50 06 46 64 42 59 64 60 24 86 50 51 85 66 34 68 26 94 23 17 77 64 99 24 55 79 81 04 10 52 51 59 09 49 22 50 07 38 09 82 23 58 32 60 76 
18 79 53 11 01 70 88 64 20 63 70 51 44 73 60 95 76 70 03 24 44 04 82 33 12 16 55 21 47 66 48 16 44 01 79 96 22 66 11 41 80 81 43 23 05 54 69 80 24 23 03 67 26 37 51 37 52 05 10 50 23 57 66 18 57 96 14 78 61 24 71 92 04 65 15 09 19 83 40 94 06 95 12 31 31 62 20 34 66 81 83 40 37 100 58 94 95 71 23 07 
46 45 99 50 62 65 10 80 47 01 73 04 95 84 87 77 45 58 10 62 38 93 02 74 44 59 19 39 81 94 97 26 90 47 27 51 11 88 82 10 89 54 65 35 89 51 12 33 60 21 47 49 65 48 23 09 58 93 99 38 38 95 15 80 42 94 30 04 81 12 13 21 17 78 56 06 80 67 90 40 87 36 88 52 35 62 60 92 07 10 81 96 56 96 75 49 89 57 53 21 
68 65 42 36 94 49 93 74 15 83 65 01 18 52 04 53 66 15 96 24 24 77 19 80 24 94 28 64 50 32 84 69 97 77 04 42 25 97 15 39 31 79 92 48 83 47 52 100 62 48 23 37 76 41 68 99 34 48 62 83 79 97 03 27 74 07 69 50 55 83 89 85 14 32 84 48 78 88 47 91 35 69 28 62 09 47 60 43 94 73 77 73 69 80 51 42 38 19 92 44 
54 32 80 19 15 63 66 92 02 12 35 88 32 14 49 40 60 08 34 54 80 63 78 01 94 80 42 83 99 85 26 04 68 05 74 82 19 39 26 21 02 60 08 85 73 09 24 32 16 10 37 48 24 66 48 17 46 41 99 96 78 76 51 45 80 24 79 50 14 04 70 67 15 30 51 87 38 26 70 05 35 59 04 10 24 03 26 21 96 76 16 73 51 66 69 82 89 99 32 54 
02 53 20 16 34 70 54 23 48 76 28 82 86 83 44 09 86 69 30 81 97 97 05 47 63 25 81 03 24 12 57 77 16 28 45 50 50 50 72 97 25 51 30 10 34 73 71 71 94 52 03 90 48 59 88 10 83 68 65 58 31 73 87 47 100 31 48 49 80 19 45 57 22 75 66 07 99 88 77 92 39 31 81 87 89 69 48 23 36 64 81 67 36 67 65 36 49 12 36 28 
82 81 84 03 07 02 61 57 89 37 49 80 67 29 18 07 49 17 30 85 81 62 03 16 28 19 03 28 30 39 55 63 19 91 66 77 44 26 33 84 15 33 63 33 62 80 40 10 49 69 46 29 30 100 44 09 18 47 36 99 85 42 62 55 32 27 83 27 04 67 11 70 100 73 03 13 05 94 74 53 62 72 33 43 71 28 03 41 26 38 39 62 31 100 68 15 78 50 41 34 
69 51 03 20 76 57 32 32 02 05 36 63 76 68 57 99 95 59 39 73 48 77 34 79 77 02 45 54 03 85 87 71 88 42 90 63 50 73 94 52 78 81 66 05 48 23 03 94 33 93 66 33 70 52 63 46 53 07 51 55 91 90 78 30 31 19 44 32 92 89 83 21 69 49 77 68 23 32 62 55 24 79 87 45 30 49 42 34 07 93 41 50 34 18 79 16 88 23 47 31 
11 30 03 80 30 80 47 52 63 60 06 38 91 45 83 20 45 24 06 52 68 46 01 01 15 31 16 54 53 63 85 16 44 87 47 73 18 93 24 80 05 81 18 95 77 52 66 22 75 71 25 43 16 77 43 82 07 59 36 12 73 20 27 16 58 73 40 76 17 63 07 21 95 76 67 72 27 33 45 02 03 21 96 71 49 38 52 55 48 87 18 72 58 96 87 16 20 78 43 37 
92 01 09 87 77 76 10 55 08 06 08 62 78 03 32 26 93 36 32 40 74 50 64 32 45 02 99 65 80 93 53 71 93 13 57 21 88 18 28 47 23 35 09 52 90 92 77 82 79 09 73 53 58 36 36 54 38 86 70 69 30 74 39 74 87 48 95 74 65 74 73 40 60 33 91 49 76 20 30 55 28 55 59 37 42 46 42 79 31 12 47 60 85 38 33 23 85 79 97 01 
04 21 40 64 53 83 12 28 02 94 34 81 48 92 17 89 37 10 20 67 21 18 78 58 55 63 80 91 93 28 92 97 48 83 60 52 17 23 80 18 16 65 50 15 57 18 56 93 28 27 12 100 44 41 09 51 55 89 93 48 68 84 44 68 19 55 19 35 77 50 05 45 15 54 59 23 72 14 15 99 40 78 50 36 71 59 38 25 99 30 72 66 66 67 85 84 21 04 18 50 
05 22 94 19 28 52 93 99 18 08 49 09 37 50 96 07 08 33 84 06 15 55 24 80 74 08 63 94 11 32 95 68 54 88 38 33 92 31 31 61 90 31 69 26 80 17 85 40 49 20 45 15 26 68 94 99 76 08 45 38 40 39 05 45 27 95 77 18 25 59 30 14 89 98 91 20 14 27 59 15 46 56 29 72 75 75 70 50 82 66 40 21 05 96 65 31 90 41 100 14 
99 29 79 39 78 70 11 44 48 21 10 94 76 38 17 51 64 38 52 46 04 91 66 08 39 31 90 28 23 41 94 22 21 72 12 98 93 22 93 41 95 02 34 22 92 50 24 55 87 76 52 90 18 18 49 56 100 38 36 22 78 29 95 50 52 59 100 45 32 92 85 26 46 70 48 89 71 71 95 09 98 47 51 16 64 99 23 15 89 10 36 18 90 83 68 42 41 19 38 72 
10 74 50 07 95 97 47 65 19 42 25 17 88 27 84 03 78 58 69 66 68 04 35 57 38 54 50 78 72 87 02 34 60 51 92 06 99 39 70 17 80 47 85 19 73 68 73 50 78 41 15 97 96 02 05 34 55 55 63 79 93 64 12 05 66 03 10 64 41 32 33 72 78 17 42 50 37 14 100 14 06 66 62 02 19 66 87 74 20 01 52 65 65 15 69 82 17 78 46 10 
61 78 33 38 46 75 40 82 88 39 47 94 56 08 47 27 74 85 100 45 85 03 09 01 69 77 83 37 07 80 46 67 09 31 57 54 05 96 36 92 86 82 37 93 42 35 19 15 71 70 11 56 24 20 08 92 48 42 29 06 21 26 25 29 56 81 83 60 28 70 04 13 03 92 57 44 79 76 10 49 97 21 56 21 92 64 12 39 05 92 97 78 70 21 06 77 53 40 89 80 
61 44 44 64 35 100 59 65 27 69 14 24 41 21 96 32 84 59 22 41 51 18 70 72 38 75 48 42 67 36 21 27 79 16 42 66 68 01 30 94 21 95 69 61 16 64 44 51 75 17 43 77 35 12 48 24 39 95 66 05 83 86 83 13 02 25 78 21 77 60 14 97 06 35 09 21 50 04 24 24 20 66 100 54 30 99 78 68 94 43 24 28 80 06 40 33 30 70 53 06 
81 19 54 86 05 62 07 54 65 82 30 37 47 29 90 28 28 19 95 73 13 18 52 93 76 43 77 05 12 30 63 92 100 68 30 04 82 36 09 98 69 38 34 67 19 24 95 98 94 89 22 07 59 73 99 34 15 27 90 79 08 04 70 07 72 99 10 53 86 71 50 54 08 36 73 26 59 67 75 04 07 96 10 65 68 60 50 83 87 40 13 94 43 82 53 66 33 14 70 70 
84 20 76 92 55 48 69 65 14 44 68 20 39 30 37 59 89 86 93 27 77 05 73 20 38 25 37 70 38 07 92 74 78 19 65 84 66 85 100 31 28 19 02 19 48 90 77 89 76 69 67 52 73 39 23 10 63 12 32 53 18 23 26 47 41 42 82 58 26 81 40 06 51 41 24 51 31 100 39 58 20 05 61 92 96 84 01 10 47 84 62 16 06 39 62 98 80 43 07 58 
75 46 63 77 39 86 27 69 37 17 78 56 74 38 99 69 73 99 78 19 83 92 34 40 30 47 90 62 41 96 19 15 42 81 44 32 18 70 52 06 87 29 61 60 18 59 80 91 09 57 61 43 48 95 35 30 93 24 91 34 71 09 100 12 41 43 95 10 13 46 15 51 74 27 10 92 37 89 34 97 97 94 92 97 40 26 26 33 49 16 66 71 76 17 35 68 60 29 29 24 
75 43 74 48 21 35 91 09 75 24 57 71 18 48 67 09 73 44 41 73 11 58 44 38 75 78 05 86 06 33 09 80 27 34 80 99 68 70 59 42 46 16 64 15 63 83 23 36 26 64 60 89 73 55 26 99 32 83 84 90 67 44 21 46 77 100 44 96 22 03 37 67 70 53 81 32 35 03 19 60 18 79 100 43 33 26 41 17 08 77 06 26 20 78 71 49 78 67 44 99 
21 81 17 90 33 97 21 19 51 92 30 21 70 30 63 54 55 03 22 14 79 79 39 51 57 62 99 86 28 42 36 48 74 52 37 58 100 09 28 50 100 58 70 21 87 32 27 93 87 48 06 17 27 96 67 83 09 17 68 36 11 03 35 36 06 71 46 05 32 73 06 83 30 76 04 16 59 30 08 97 77 65 14 55 13 32 37 21 49 56 57 11 10 91 46 67 14 91 71 97 
64 29 79 45 04 82 61 14 63 20 11 92 37 76 46 49 07 35 21 07 42 77 69 52 20 15 70 85 57 93 33 72 21 11 17 76 45 29 89 59 48 51 50 84 78 96 84 85 30 05 43 23 33 12 26 04 78 96 88 34 88 72 58 08 83 74 35 79 02 23 37 01 26 87 37 03 34 20 39 15 24 82 37 57 45 63 12 22 10 52 07 97 23 64 56 57 89 90 35 90 
64 24 43 89 10 79 44 95 98 82 61 74 15 97 82 11 11 93 32 20 44 91 68 67 54 23 23 95 64 10 84 28 33 78 68 94 56 11 88 54 45 48 79 11 96 60 22 59 52 05 30 48 95 98 14 49 72 88 95 36 97 78 63 29 08 30 74 63 93 61 68 37 60 46 99 08 57 20 66 61 25 47 08 19 44 73 19 16 60 13 03 09 43 65 89 50 46 63 64 38 
75 32 26 35 29 77 94 86 96 11 98 72 57 05 91 53 77 61 68 88 26 22 48 68 86 37 69 83 99 32 73 25 15 50 59 96 26 04 33 74 14 30 45 23 34 35 75 62 48 94 01 73 15 49 92 52 37 60 34 35 43 58 59 10 08 70 05 33 25 37 06 39 66 03 61 51 37 87 64 36 80 64 08 94 64 99 45 100 10 78 86 53 36 97 14 95 18 18 79 42 
06 37 32 71 39 44 73 27 30 36 63 09 51 70 02 67 21 98 66 82 76 52 34 63 100 99 09 17 16 87 10 21 23 42 43 61 85 67 88 67 54 50 75 05 71 29 71 43 26 88 25 53 91 10 67 90 09 75 58 24 62 68 97 36 09 91 97 45 58 36 11 11 37 38 67 07 66 89 02 43 29 26 96 19 35 14 61 43 41 70 19 02 37 67 89 97 57 37 94 66 
72 56 29 08 93 47 67 10 88 68 05 16 45 52 86 79 65 46 74 05 16 44 58 04 10 47 01 18 83 46 36 07 01 16 14 46 62 32 55 49 51 59 64 95 62 02 74 27 47 99 83 14 42 41 70 03 39 22 72 73 67 59 79 67 74 45 12 36 76 19 36 27 29 52 21 91 53 46 17 51 44 51 17 37 91 86 91 81 07 63 54 73 21 32 91 47 76 03 82 04 
73 69 82 01 20 54 43 24 52 11 75 47 62 91 84 04 76 74 85 34 88 38 06 61 21 96 07 97 50 40 52 74 08 85 27 28 38 69 03 41 80 77 88 41 19 71 96 94 96 80 79 36 17 84 96 38 32 02 86 33 41 89 07 100 73 85 27 62 53 82 03 84 58 90 24 77 12 20 22 59 51 01 94 68 36 89 57 19 42 42 52 82 30 10 82 54 94 60 15 98 
41 69 82 51 10 57 79 21 28 52 32 79 04 25 46 92 66 54 10 07 95 13 89 76 22 22 81 67 33 47 65 26 16 98 76 25 54 06 98 82 57 81 60 61 05 57 52 70 10 13 77 56 26 17 31 99 90 11 66 22 57 82 47 24 79 74 01 32 79 50 65 88 30 24 100 34 32 03 56 41 15 84 48 92 100 78 91 41 40 08 62 49 41 61 24 71 86 24 02 65 
73 19 04 54 94 03 40 26 57 95 18 23 30 66 15 81 95 57 21 35 64 34 35 04 94 58 74 80 82 27 96 06 97 51 12 91 05 51 16 61 97 85 83 26 50 49 06 45 05 26 31 20 59 65 23 05 74 48 36 55 27 31 13 23 33 76 65 37 26 32 97 74 17 31 99 66 32 56 62 36 33 92 56 43 08 30 47 82 30 34 36 08 64 100 82 96 75 47 84 52 
78 32 25 94 63 75 12 46 30 73 81 14 65 88 57 72 70 55 53 99 89 41 58 04 92 39 52 19 37 35 22 15 67 47 60 81 73 23 26 03 96 58 68 12 46 24 83 67 79 88 17 19 80 74 22 23 64 73 41 01 08 15 67 26 61 78 06 85 01 83 39 96 40 07 07 37 30 41 03 60 80 19 78 59 44 100 34 08 24 26 08 83 40 26 08 100 03 65 37 03 
47 75 50 39 81 56 27 63 49 30 22 28 100 52 39 44 51 72 03 26 97 62 09 37 87 16 88 89 81 24 44 79 51 93 69 31 01 96 93 49 77 67 28 76 18 66 71 20 89 73 45 38 86 53 26 72 21 65 13 01 41 56 31 91 48 100 21 48 47 66 48 23 32 76 98 49 41 21 20 82 45 64 71 31 17 96 54 37 60 66 89 52 21 71 42 21 22 15 20 68 
80 68 90 63 43 40 63 35 12 82 68 56 45 38 38 13 33 92 01 45 57 41 96 30 64 90 02 85 04 21 53 35 40 94 97 82 85 11 69 96 92 36 52 88 74 41 53 58 32 05 02 41 46 50 70 09 39 23 45 42 43 49 28 83 43 24 16 27 86 84 75 77 72 78 16 45 18 20 02 02 25 56 42 22 05 63 30 43 85 26 36 27 75 63 61 17 38 29 95 23 
12 69 51 83 98 66 79 16 38 33 17 62 88 58 83 92 72 64 86 56 89 21 34 63 83 47 31 20 75 78 42 86 98 44 21 96 61 51 11 98 83 79 59 22 88 41 13 59 56 50 14 45 70 99 07 52 45 90 23 19 67 16 57 16 59 77 11 20 79 73 17 14 51 28 35 38 20 100 48 76 49 61 20 19 12 78 22 56 19 45 75 37 60 31 53 19 59 15 90 89 
88 06 02 90 85 37 80 05 36 27 80 36 40 51 54 51 80 28 06 99 72 32 35 83 62 39 53 72 54 42 61 41 100 14 82 84 50 61 40 37 88 19 73 27 21 78 77 01 05 82 51 76 14 37 59 27 76 63 51 29 05 63 21 56 76 02 91 78 15 31 14 02 01 86 80 22 64 56 74 68 89 24 96 54 12 06 33 87 68 83 67 24 97 39 31 72 41 22 49 07 
52 15 08 52 100 87 25 15 94 98 35 34 73 82 88 85 87 72 23 06 06 90 30 02 80 12 25 72 33 74 78 36 40 85 40 91 23 64 06 68 14 92 02 38 73 41 74 11 12 97 16 17 38 97 18 17 09 42 89 41 67 66 77 06 03 68 97 77 31 54 45 96 45 46 34 69 86 07 79 97 55 94 13 44 43 82 13 51 23 53 43 42 18 71 47 72 38 95 49 69 
48 93 16 44 90 49 12 75 08 90 23 14 36 87 58 78 68 22 28 42 74 70 83 43 41 82 15 78 76 15 98 76 59 14 19 48 14 31 22 73 72 96 87 07 82 96 36 49 17 15 42 90 85 77 32 77 10 98 06 85 12 56 12 70 21 31 17 86 13 90 59 84 37 97 43 18 92 78 18 60 93 60 01 29 88 32 57 97 82 14 33 93 21 45 15 41 27 83 27 91 
25 37 74 61 33 68 79 76 98 48 35 42 59 35 22 46 18 30 94 51 43 27 96 64 23 10 56 01 44 34 91 68 70 16 29 54 84 59 29 33 58 15 26 17 01 47 14 19 76 08 21 70 86 16 85 08 25 41 08 69 26 50 88 96 65 16 49 100 26 30 84 84 44 09 100 45 55 65 15 82 72 35 52 57 51 36 16 27 28 75 47 54 24 35 49 41 02 49 40 28 
78 24 63 22 32 14 66 39 78 32 20 50 66 71 58 16 59 74 43 86 48 89 39 24 75 39 64 77 40 55 56 17 30 18 90 62 83 07 52 60 38 23 61 04 94 19 71 04 44 65 89 43 06 80 66 80 70 81 08 09 36 63 26 65 80 67 78 62 26 81 74 63 04 86 18 49 56 41 52 99 05 92 94 62 71 59 94 41 92 01 01 79 64 78 95 95 45 73 09 70 
05 82 84 08 67 02 08 23 94 59 73 98 03 66 12 73 77 05 65 68 05 18 98 68 95 92 63 39 16 71 60 21 04 44 80 70 97 88 44 90 46 17 39 48 34 50 73 10 54 89 29 11 06 26 78 01 18 40 91 33 62 03 05 65 46 85 87 94 72 82 35 69 98 73 17 84 75 41 93 80 81 74 90 39 99 68 39 68 59 81 01 73 83 05 37 80 41 75 25 12 
57 59 81 06 84 49 89 58 89 82 37 21 55 27 59 05 46 49 73 56 30 25 28 64 81 17 44 22 91 20 33 47 79 13 53 62 13 93 19 01 26 07 74 32 85 32 37 82 81 61 38 10 85 65 25 65 33 20 38 24 40 71 22 18 35 26 79 48 19 49 100 44 07 73 28 92 57 64 73 37 24 62 98 60 79 22 76 11 42 14 34 81 36 08 50 70 33 80 69 03 
80 21 99 86 45 26 29 01 41 54 89 64 15 86 75 93 60 50 04 01 63 89 33 50 48 82 72 33 61 92 35 40 12 85 77 09 10 06 61 50 59 50 65 73 35 91 18 94 41 73 46 55 61 78 05 09 11 28 41 71 19 27 62 83 12 39 91 73 44 51 75 54 52 39 78 39 82 95 84 22 67 30 28 80 59 84 40 70 11 80 92 82 58 54 64 21 44 54 94 39 
56 68 92 08 58 69 46 91 64 81 12 82 10 92 61 21 27 100 42 38 31 33 19 41 38 82 61 33 87 54 71 94 73 62 01 83 83 98 73 98 79 37 79 40 80 92 12 06 43 53 43 74 38 13 14 27 46 26 60 84 32 30 78 04 44 30 38 26 80 63 75 10 99 53 49 78 96 13 35 39 65 78 12 54 42 77 81 40 02 92 23 33 73 100 89 16 30 78 93 09 
40 67 70 90 72 18 19 67 82 54 05 99 83 68 52 76 44 84 15 98 75 38 82 48 89 22 15 70 100 60 78 91 26 47 81 97 17 51 64 50 56 20 48 38 88 52 66 83 87 80 80 62 69 14 61 58 35 27 27 34 86 57 25 64 55 57 60 23 59 75 73 15 95 72 04 34 23 69 16 10 49 48 23 17 61 35 26 95 13 53 81 99 09 05 62 63 13 73 38 71 
48 10 37 94 33 41 27 56 09 94 17 09 41 91 78 01 77 03 96 89 55 76 39 15 32 52 30 96 25 67 18 24 28 55 69 60 95 47 67 55 40 83 64 81 25 93 81 01 95 28 42 02 55 80 68 38 32 97 85 08 15 03 83 42 57 51 54 03 97 20 57 36 55 72 16 79 64 49 32 11 28 73 64 83 52 31 72 35 80 57 42 94 59 24 88 15 26 41 69 22 
60 25 10 14 49 25 45 12 25 76 74 53 48 37 87 51 68 58 86 99 14 79 92 24 55 31 90 80 71 58 54 83 83 63 48 83 39 92 94 64 19 68 68 18 56 54 69 75 63 06 73 29 36 17 52 90 47 42 70 18 99 75 100 33 37 47 15 75 91 61 90 61 80 09 79 35 14 99 10 77 04 34 05 39 50 56 29 97 49 50 14 100 24 65 32 12 63 99 38 05 
59 80 66 90 88 44 76 02 42 37 30 97 71 34 35 20 41 15 68 42 16 33 41 91 97 24 02 12 22 92 16 32 71 33 21 58 76 49 11 69 85 40 17 55 73 52 27 66 18 94 07 86 27 99 76 75 22 30 86 44 73 54 27 43 86 100 100 14 48 11 34 32 02 51 39 27 54 65 92 71 10 50 08 36 48 36 63 69 65 48 64 37 01 43 31 39 42 82 52 41 
44 85 24 46 35 62 72 40 78 15 63 88 64 70 75 63 05 37 83 21 37 99 09 89 41 39 27 34 21 78 74 16 15 49 61 01 11 32 41 88 46 03 27 61 72 02 23 29 90 58 49 26 56 58 15 96 48 41 81 20 71 06 36 37 54 48 37 16 32 29 04 29 31 82 90 55 35 64 83 25 21 83 02 76 92 16 23 40 09 03 11 31 08 98 67 62 46 55 77 77 
84 32 05 66 66 46 72 100 10 06 76 82 41 78 58 32 45 32 23 53 35 34 35 94 83 53 07 28 08 36 04 43 19 61 60 84 06 84 36 15 89 11 97 29 88 06 13 33 37 35 37 23 20 72 17 03 24 23 82 83 10 86 77 29 46 37 12 03 72 47 18 60 10 66 41 97 23 53 81 11 39 70 34 11 41 02 65 16 24 46 99 34 83 27 14 80 15 25 83 86 
24 52 98 85 69 38 33 91 42 14 01 32 83 86 94 75 87 58 90 11 56 40 96 38 67 61 18 81 85 52 19 60 03 16 44 71 05 77 61 98 42 13 29 76 99 23 50 85 32 91 47 87 83 94 25 01 54 94 33 91 45 51 02 47 66 98 69 22 26 81 19 67 93 48 94 43 22 95 28 53 85 26 92 67 20 68 19 25 61 52 15 57 02 17 55 20 66 23 41 91 
55 60 57 47 59 02 42 80 96 21 84 80 46 27 99 17 94 17 42 06 20 08 62 74 76 16 93 41 90 85 31 44 96 39 43 54 40 36 85 35 56 21 67 53 47 17 70 41 85 63 46 05 22 60 78 98 75 22 90 17 06 73 12 54 63 06 07 03 41 44 89 96 64 07 01 10 23 70 02 60 84 100 16 05 59 45 54 85 66 44 53 23 68 65 76 30 22 35 84 63 
78 73 10 41 31 10 02 06 31 56 65 14 55 32 71 65 76 24 49 41 19 02 15 38 18 91 68 39 25 51 53 02 75 63 94 06 24 47 63 55 02 79 20 08 10 90 72 85 66 73 25 36 26 39 74 95 81 41 33 05 43 38 58 18 100 03 75 23 50 37 29 03 15 49 11 76 90 34 60 55 06 36 91 31 26 64 25 07 56 10 63 98 47 73 15 98 75 41 72 76 
29 01 79 95 01 89 70 90 22 29 97 80 16 39 62 42 54 39 100 09 100 62 58 46 86 25 95 61 65 66 36 94 18 66 88 70 06 10 60 28 38 08 59 06 46 20 47 99 10 46 59 09 59 16 06 45 40 100 57 05 18 92 50 35 10 37 05 15 46 16 94 36 23 52 41 20 24 39 18 33 84 76 94 94 91 99 38 83 99 94 87 16 38 36 02 47 24 58 61 22 
73 55 09 47 58 49 66 81 39 35 66 74 62 59 67 53 57 57 87 07 02 73 74 39 60 76 37 35 33 50 56 58 56 64 56 13 64 22 46 54 56 63 27 18 73 94 22 81 02 60 88 03 32 13 94 43 88 30 77 73 79 85 82 86 100 37 99 64 10 96 69 18 58 96 87 82 41 60 62 42 19 49 44 02 14 89 44 53 19 20 77 49 56 58 35 56 47 85 71 56 
80 39 25 89 34 11 70 26 70 31 67 40 32 63 41 45 51 84 97 21 56 74 70 11 83 56 66 81 40 88 37 71 27 13 59 60 24 80 86 45 62 04 37 45 18 77 89 21 13 38 41 68 63 62 30 97 17 48 78 56 35 66 26 61 78 36 73 53 15 10 50 29 65 86 73 83 14 14 55 26 03 95 45 65 57 75 13 25 74 42 81 60 07 58 21 37 94 45 41 60 
06 90 88 70 27 13 04 41 26 58 18 28 05 63 44 13 37 56 37 62 98 69 21 56 27 93 92 72 37 33 83 94 74 23 64 53 35 19 45 60 29 62 87 33 24 82 45 12 89 33 73 86 54 94 94 32 86 85 03 75 69 37 68 95 59 83 99 45 54 43 04 82 04 42 14 28 75 10 39 64 94 64 49 47 09 42 78 94 79 32 20 99 69 40 45 79 74 43 24 27 
85 79 60 89 73 25 68 47 34 58 10 80 21 11 26 29 04 56 75 82 87 46 33 07 37 77 86 11 72 61 89 56 91 49 96 63 73 15 10 59 73 19 38 45 29 15 26 85 22 100 66 09 97 50 15 34 79 52 96 50 64 84 57 55 84 05 17 57 19 78 67 43 97 56 88 77 70 13 61 92 64 79 52 60 80 18 45 58 22 40 07 85 24 16 39 07 20 08 15 90 
