100 100 100
40 35 40 01 20 67 65 90 03 96 88 43 84 11 74 76 82 77 86 43 91 86 61 31 33 10 100 91 13 59 87 52 45 26 04 64 44 68 05 98 64 92 92 99 02 17 26 36 45 63 78 35 49 90 17 81 100 16 24 12 75 10 15 19 87 18 35 83 38 39 80 53 31 24 51 84 40 77 71 85 39 48 71 39 38 88 20 89 55 95 100 29 56 66 100 42 35 86 76 72 
24 08 76 06 31 27 42 22 55 12 06 45 12 29 84 49 16 55 37 22 49 88 51 04 05 02 97 91 87 73 15 62 80 90 20 10 16 61 31 22 24 89 67 35 69 50 35 36 56 71 57 04 10 07 59 14 60 55 05 98 79 19 12 58 60 31 19 76 43 02 49 18 90 15 53 10 16 39 45 71 10 01 26 71 60 36 37 19 91 93 69 21 63 80 79 22 62 49 49 56 
50 98 73 91 64 77 100 32 16 44 54 77 45 80 99 04 67 35 74 09 79 42 30 41 73 08 15 86 56 63 41 58 12 66 48 28 94 48 59 61 91 12 37 87 43 36 90 10 22 64 18 01 57 99 93 82 06 07 67 14 22 60 71 85 77 70 12 70 17 22 31 60 86 19 46 80 06 88 89 80 03 59 80 59 09 24 92 15 83 59 80 56 70 02 40 46 71 04 67 40 
25 49 99 10 20 96 42 25 83 30 04 85 40 35 96 49 11 87 15 93 97 46 48 66 99 39 63 69 42 30 60 19 30 58 80 49 54 21 74 88 03 29 73 94 64 68 94 74 06 60 18 03 05 17 68 03 55 83 24 49 12 83 67 41 93 98 42 98 19 15 85 21 43 09 66 58 28 60 83 34 19 100 36 76 68 55 78 23 37 53 71 100 36 89 93 80 86 34 77 04 
100 13 76 42 22 42 52 49 53 86 34 23 38 21 98 05 76 28 27 64 80 49 16 67 37 08 46 23 93 74 78 92 87 54 85 08 47 88 08 51 74 42 73 11 62 71 15 89 98 94 05 29 42 20 48 79 79 93 01 71 19 30 62 05 83 98 64 81 86 71 31 59 12 56 69 26 78 35 14 75 28 18 55 70 37 02 100 15 47 100 37 65 81 50 69 64 48 32 96 33 
54 79 91 18 34 11 43 11 45 56 37 25 26 43 94 62 45 93 29 91 44 17 07 24 67 27 39 14 10 87 98 63 65 88 80 50 50 22 12 46 30 100 70 55 94 63 68 38 07 48 80 02 65 38 78 83 64 16 96 73 02 93 88 18 32 67 19 33 41 82 78 22 33 48 76 27 62 95 16 21 43 48 22 07 85 99 89 49 67 36 73 20 80 60 90 63 79 08 95 71 
42 24 92 74 71 67 52 85 61 68 05 55 15 78 13 51 29 53 51 95 88 24 14 19 83 03 81 13 63 27 83 56 51 74 81 73 92 33 57 05 52 13 59 18 43 72 68 71 24 19 17 64 94 30 34 76 85 15 41 99 93 23 54 95 49 34 68 40 18 76 96 69 41 55 38 83 78 06 05 53 76 21 68 69 02 02 96 86 68 88 36 60 11 89 55 59 75 74 50 92 
49 46 13 89 52 50 23 81 07 27 33 34 99 01 02 01 02 50 38 69 37 74 80 99 62 34 09 88 59 11 80 08 56 44 48 59 93 23 39 52 01 23 85 100 75 39 100 76 88 37 96 76 62 28 27 24 13 35 63 72 45 94 79 52 37 78 62 82 100 100 33 01 75 17 52 49 07 51 77 94 39 72 22 01 51 48 76 64 34 38 35 79 32 65 82 20 94 44 01 46 
95 85 98 69 02 49 18 08 99 94 54 89 17 27 89 68 26 64 83 59 54 69 89 37 85 71 08 78 66 09 23 60 93 20 29 46 68 98 06 18 91 11 07 59 37 47 78 62 63 60 72 16 28 61 04 12 83 11 42 48 71 64 07 16 36 87 61 55 84 66 73 26 28 31 85 64 77 62 77 91 74 49 58 53 61 61 65 43 24 58 90 94 73 96 09 08 35 22 63 18 
39 87 44 67 69 80 82 97 41 59 88 66 59 45 19 19 58 83 61 33 40 02 26 64 49 87 72 83 08 86 01 98 24 96 64 92 75 46 88 15 56 27 81 14 24 51 32 33 33 44 65 24 45 42 87 93 28 10 76 87 95 28 85 70 23 48 61 97 45 01 63 100 79 95 13 02 45 96 34 29 39 50 04 35 92 91 28 19 52 55 58 99 82 42 68 04 41 29 52 38 
81 14 37 59 09 02 61 05 49 46 34 40 96 37 74 87 79 53 57 83 59 14 81 40 07 48 95 48 28 46 85 08 12 73 19 72 26 31 76 75 76 61 14 23 98 39 09 28 92 18 10 50 31 42 42 38 42 36 37 69 34 73 29 45 97 47 16 23 77 91 97 04 52 62 27 01 100 87 80 43 04 42 45 87 83 86 24 24 73 12 45 06 36 73 50 84 71 65 06 47 
08 54 02 11 67 28 63 67 15 42 61 18 83 05 04 18 42 79 41 15 42 37 20 29 09 70 13 79 86 70 77 45 24 79 55 42 58 17 60 72 11 21 42 45 77 97 62 19 28 55 33 69 91 52 50 100 73 62 30 59 31 59 55 06 89 10 48 46 78 07 70 88 79 63 33 56 59 46 74 86 100 06 07 91 57 08 42 82 69 23 92 51 81 46 09 21 07 56 67 85 
14 88 24 93 50 08 48 60 06 21 98 05 78 04 47 86 11 40 67 31 63 58 33 95 56 41 68 62 96 86 98 62 73 74 54 74 33 53 33 38 25 30 95 02 85 41 39 95 33 06 77 95 15 10 41 22 50 08 36 98 93 33 59 17 58 64 90 91 16 23 80 92 52 74 93 89 67 83 35 99 40 12 45 55 73 85 28 74 45 63 71 37 96 81 06 05 44 95 95 11 
69 75 02 73 100 46 61 66 29 95 64 68 58 08 74 30 45 02 04 89 16 26 77 63 07 82 68 02 29 62 65 97 88 66 69 88 64 81 05 92 76 69 11 33 28 37 15 72 90 18 12 05 95 89 68 01 22 87 55 50 100 19 99 88 36 67 27 99 100 31 42 75 51 05 59 79 41 73 50 30 42 62 86 37 02 53 89 23 39 95 25 39 13 23 78 01 41 04 51 40 
86 93 66 37 49 25 15 89 49 16 70 43 29 55 31 30 60 19 05 98 66 29 88 78 51 17 30 91 20 81 31 58 25 96 94 73 72 60 13 73 27 82 15 08 36 45 89 95 15 93 45 80 73 84 10 23 01 91 66 72 71 48 29 95 95 74 67 67 85 79 39 64 12 05 71 100 01 59 46 15 04 90 47 76 26 08 51 26 98 16 49 69 15 30 15 09 03 34 27 40 
64 65 03 76 21 25 75 21 35 20 36 38 62 34 66 87 41 16 64 90 83 12 58 97 41 25 57 96 58 84 87 21 100 41 96 21 65 70 41 51 42 28 89 03 13 06 41 05 21 04 95 55 67 04 03 08 28 59 55 85 94 41 06 94 81 53 14 97 75 06 47 16 86 87 70 98 92 10 55 64 65 49 18 31 52 72 90 32 31 44 16 24 36 73 69 16 78 34 64 52 
92 11 19 77 97 40 26 41 01 80 04 65 80 74 47 84 45 37 15 27 32 30 03 68 55 71 35 32 57 99 35 48 09 05 24 57 44 01 97 44 33 53 60 12 26 06 95 22 42 09 49 74 91 03 41 97 73 75 28 29 25 14 28 33 18 51 42 13 04 90 08 36 42 67 99 19 72 46 41 66 54 41 39 96 43 31 92 67 57 71 48 82 36 75 66 53 78 59 17 81 
01 24 68 42 42 66 13 14 11 05 31 17 45 21 64 87 51 56 05 59 78 52 92 14 27 10 18 04 68 35 84 68 10 03 62 52 68 74 17 31 30 47 99 74 67 62 12 69 69 16 27 47 68 71 60 94 80 29 49 47 15 32 67 25 86 80 28 53 05 44 35 34 90 33 07 08 47 70 76 15 85 54 61 04 24 72 49 03 01 97 02 67 80 68 91 65 47 18 70 51 
13 04 84 54 89 42 61 35 11 36 01 47 90 62 51 13 85 99 68 37 48 69 04 27 36 46 44 34 64 13 36 28 68 19 82 56 12 42 42 74 78 43 72 19 56 74 83 40 73 50 29 72 18 32 98 05 29 41 38 92 05 73 72 73 43 53 80 06 94 22 79 23 64 51 93 71 24 76 62 48 77 90 71 95 73 21 99 02 13 89 45 18 61 16 90 56 68 69 61 14 
42 92 88 57 42 81 27 17 08 89 17 84 30 87 78 03 59 29 56 72 17 100 89 29 68 30 84 35 98 45 100 40 36 88 96 29 20 75 97 27 63 65 10 44 04 40 46 62 68 01 33 36 53 73 64 20 02 100 54 100 96 06 91 31 93 38 11 12 12 59 90 26 76 99 70 79 38 67 92 57 68 77 92 72 49 08 91 51 07 96 02 02 01 44 84 45 81 46 08 45 
56 97 22 31 96 43 09 85 10 53 42 29 29 85 100 77 92 90 79 50 85 32 51 38 75 86 82 08 31 42 04 87 38 25 17 85 68 78 22 29 82 15 57 10 99 56 38 43 97 69 92 33 100 95 70 27 80 04 34 63 45 89 49 34 13 17 71 32 46 92 60 27 06 16 88 56 23 26 98 71 94 42 04 45 36 25 71 67 80 56 29 76 44 29 10 09 98 32 40 43 
23 100 22 80 67 09 35 42 34 85 12 79 78 67 76 65 92 46 31 23 54 12 99 97 92 60 05 89 91 97 84 65 48 05 44 14 13 30 07 99 66 19 77 43 37 52 07 28 50 90 51 03 01 01 51 92 60 08 81 50 04 64 14 03 20 09 68 32 38 75 30 56 45 59 98 81 10 05 09 11 46 11 65 46 11 16 89 70 23 69 71 78 84 84 80 03 92 99 87 81 
73 16 36 17 74 86 98 36 42 58 98 87 20 63 32 30 30 20 51 04 41 21 81 76 56 12 31 99 10 17 79 35 84 67 51 58 52 100 45 45 57 42 31 76 56 62 57 85 33 07 88 25 79 20 01 34 83 31 84 93 99 15 79 82 81 29 39 84 29 35 28 85 29 10 13 36 23 69 21 55 28 08 80 06 80 32 92 62 62 27 06 60 41 84 41 73 13 32 08 93 
18 87 29 98 96 41 34 18 62 54 25 89 13 04 46 92 35 89 54 48 16 59 07 08 43 99 81 07 82 88 99 100 75 27 97 22 20 82 40 81 35 64 69 100 19 66 91 05 55 96 52 22 07 10 29 01 60 61 59 42 49 57 93 75 35 41 48 06 23 39 86 57 02 06 56 72 72 99 76 78 46 27 51 52 88 79 04 48 92 62 89 40 70 81 66 05 21 65 10 43 
04 48 52 05 53 59 29 76 09 04 05 55 83 55 58 70 86 62 69 77 23 57 68 45 89 85 49 62 49 10 56 52 57 59 09 62 18 89 89 26 92 94 32 26 100 90 48 37 03 16 65 77 25 84 21 13 68 21 26 69 31 82 72 39 40 32 52 09 20 41 35 64 86 18 89 85 59 36 22 61 52 86 38 76 70 10 40 89 31 66 09 13 99 81 03 38 64 55 47 84 
47 33 99 32 02 87 16 61 75 89 21 78 27 10 05 48 20 96 36 02 61 97 66 11 29 20 01 92 26 47 27 72 31 25 03 32 64 71 92 90 11 65 67 37 74 23 84 45 18 72 98 31 68 15 41 96 35 41 39 60 39 66 32 21 42 86 53 57 08 96 46 19 12 64 55 38 86 39 34 04 10 32 34 29 98 26 76 32 67 14 92 05 31 75 78 25 12 82 81 20 
77 79 38 41 94 92 78 80 82 11 35 43 94 20 71 44 45 46 75 63 12 18 20 42 92 97 18 04 78 99 23 06 29 12 46 22 03 75 53 85 38 87 79 83 58 50 26 03 47 01 17 10 70 36 52 14 84 69 17 61 19 91 67 99 54 64 21 56 91 25 92 28 12 71 10 69 72 88 23 70 88 92 80 09 27 83 22 11 03 90 23 74 32 41 72 85 57 44 41 47 
69 84 74 32 06 35 52 29 22 27 99 61 18 30 70 96 64 91 58 66 33 81 91 64 21 63 49 77 58 41 75 78 24 48 61 82 35 13 10 56 91 60 69 08 41 90 55 04 32 13 70 64 93 60 28 65 74 28 94 84 68 68 61 43 68 22 24 02 86 34 09 76 45 29 35 86 18 41 89 02 53 10 65 97 22 44 62 47 71 07 30 38 26 43 33 93 64 56 46 01 
41 55 28 86 35 14 71 05 54 11 06 07 21 22 03 94 66 16 40 88 74 22 78 100 64 10 92 79 65 90 79 06 96 58 43 30 71 65 34 24 75 39 82 47 61 37 40 78 04 32 65 78 53 42 29 16 51 72 46 68 61 76 73 56 33 67 86 55 31 71 78 05 10 12 04 22 100 43 99 03 26 15 32 30 57 60 97 59 32 42 26 92 17 50 100 49 16 85 03 46 
07 33 03 68 96 06 89 95 100 39 97 26 54 29 07 62 88 04 72 71 45 50 63 14 51 62 14 67 98 69 64 04 53 66 72 48 23 12 94 23 03 90 100 08 70 06 21 10 61 92 80 06 93 94 71 44 07 84 10 56 52 25 12 04 43 35 51 65 46 44 39 48 86 90 07 07 96 27 16 08 19 48 13 11 93 83 06 52 67 67 07 70 92 18 74 86 52 24 50 50 
20 41 49 05 30 56 63 25 82 31 33 52 30 97 15 22 32 20 25 50 87 84 19 30 01 92 15 05 68 16 06 39 56 06 95 86 61 57 62 95 87 46 46 16 43 12 90 26 84 66 75 22 49 45 51 50 89 17 06 08 32 63 46 88 68 40 73 81 96 34 75 35 80 72 02 74 36 43 99 19 09 25 40 57 21 90 58 09 06 15 16 89 77 13 76 97 52 100 77 100 
34 51 86 65 74 87 38 09 30 88 27 38 64 18 46 84 07 04 45 64 18 12 53 47 25 80 43 28 80 19 27 65 21 12 29 46 51 18 55 80 57 33 69 72 51 14 07 09 69 51 25 39 15 29 85 39 08 79 18 39 49 45 03 69 08 83 66 58 52 20 89 08 05 57 31 55 23 38 63 43 40 87 81 54 15 17 44 75 95 62 13 43 58 68 63 65 50 29 75 02 
100 63 61 04 20 92 10 94 29 73 36 68 11 69 74 78 85 17 04 32 30 16 74 87 35 89 52 85 69 26 38 20 40 98 24 59 41 33 04 21 57 92 41 20 60 14 49 44 82 52 75 12 19 01 98 54 41 01 38 61 26 27 80 18 24 55 76 17 40 32 37 48 23 77 67 34 90 15 77 72 18 04 35 37 56 32 90 96 33 79 08 10 05 87 27 80 94 55 96 33 
38 85 80 60 61 99 93 03 13 21 26 83 76 60 19 31 43 60 78 75 90 85 37 46 24 63 77 17 69 73 49 06 09 28 17 21 78 09 23 91 82 100 25 57 59 43 88 02 54 65 28 95 02 64 40 25 79 16 41 47 40 89 53 48 68 69 69 46 30 43 88 63 43 12 19 53 06 06 06 11 23 34 05 76 49 44 100 27 11 40 26 51 80 30 50 99 50 70 96 79 
13 35 41 07 98 12 11 03 69 17 65 91 02 69 66 50 64 17 77 75 08 02 77 39 83 78 38 32 48 85 11 12 20 03 70 17 66 80 72 35 96 36 77 97 57 95 99 20 11 27 46 19 28 74 57 62 52 46 93 51 31 55 62 02 58 83 18 23 62 41 57 10 29 86 58 85 80 56 56 90 82 54 60 61 27 17 22 78 14 15 28 44 69 41 45 78 23 15 53 85 
07 61 46 35 46 03 71 25 11 27 67 92 80 26 05 06 94 78 36 08 92 63 03 13 04 100 42 26 66 94 62 72 55 07 07 52 62 77 77 72 55 43 15 34 20 71 92 14 49 27 21 92 89 75 04 44 74 98 70 39 91 83 63 97 42 69 49 03 97 77 26 52 71 40 37 90 11 28 03 59 06 75 02 47 02 06 90 75 55 11 66 45 94 28 94 35 48 94 89 44 
70 14 95 92 53 84 81 15 11 36 25 69 62 27 15 63 84 04 38 38 67 55 82 12 34 27 98 81 20 86 76 41 99 23 32 03 06 65 70 68 100 94 36 61 20 02 24 55 58 13 92 24 19 26 35 04 52 32 84 24 69 11 64 19 33 48 73 90 12 42 58 63 36 45 75 07 47 98 62 56 62 53 79 32 30 65 35 82 48 70 05 16 81 20 34 65 67 06 55 30 
100 64 92 35 60 67 93 58 16 06 13 30 11 91 61 40 07 96 21 54 65 77 21 97 49 06 62 67 12 68 97 63 31 88 49 42 06 41 100 74 47 12 03 57 55 63 48 61 10 21 15 75 97 35 71 97 41 84 64 04 51 60 18 33 99 66 75 57 58 74 30 56 85 32 64 91 46 12 52 56 32 18 30 80 04 52 77 44 88 40 99 38 99 16 23 49 33 97 05 91 
22 34 46 58 17 10 49 63 21 52 18 52 69 99 31 72 02 07 68 89 98 66 79 96 34 53 97 66 49 01 08 22 35 54 79 03 63 79 65 35 30 82 86 98 32 68 22 34 27 89 74 24 06 04 72 91 56 68 57 56 20 64 77 06 69 08 09 31 86 73 65 16 07 02 65 38 22 86 23 48 74 49 23 32 52 46 22 08 65 30 63 85 46 40 90 14 47 50 97 84 
23 61 51 81 15 16 70 36 01 93 35 27 41 57 10 92 03 31 51 67 61 14 03 58 05 93 71 03 42 67 86 16 80 37 96 46 04 66 81 04 10 15 82 50 23 91 93 25 74 44 44 34 09 46 91 13 38 13 67 32 32 52 99 63 40 95 08 43 12 40 99 21 54 80 22 76 23 66 53 96 61 96 81 69 41 23 33 31 35 99 14 66 03 12 28 42 58 87 85 21 
26 83 41 31 14 14 59 88 32 11 83 92 58 63 61 50 37 45 80 72 44 45 89 46 09 69 39 66 55 23 87 33 57 79 63 71 45 21 58 76 31 93 67 88 07 79 90 44 76 21 67 19 66 55 16 74 75 54 91 82 77 29 14 85 60 76 07 56 97 17 31 79 09 49 19 67 80 08 10 55 28 76 25 45 83 40 18 57 93 61 38 21 41 03 58 100 79 64 55 27 
80 37 05 88 38 75 55 17 82 16 71 62 44 95 06 26 86 76 34 30 36 24 03 28 26 60 28 56 23 34 82 55 23 87 94 60 61 100 76 95 16 98 56 11 44 61 36 81 88 21 10 23 96 12 51 22 23 30 77 46 15 11 100 37 97 45 48 09 45 75 03 60 72 10 70 67 23 57 47 10 29 57 85 25 20 87 98 43 16 26 40 82 36 91 71 84 35 18 45 79 
93 47 38 16 09 59 83 31 67 29 92 96 37 76 72 57 62 69 99 29 46 90 63 34 80 33 17 14 50 61 93 94 60 82 10 20 41 92 02 59 72 93 54 09 69 77 17 82 97 67 63 43 56 25 76 35 57 44 48 58 57 92 52 68 74 13 87 66 04 88 24 27 80 30 35 100 06 03 34 03 69 96 97 76 72 24 10 80 67 10 37 23 01 40 90 74 52 28 91 07 
15 15 34 47 44 20 46 49 75 31 03 43 26 99 19 97 22 80 76 89 89 65 63 42 56 05 67 08 32 58 66 99 72 51 45 67 23 42 15 97 73 18 91 50 16 61 47 90 41 74 78 81 38 92 74 94 48 41 53 32 98 70 30 21 21 26 87 95 67 01 43 39 70 33 41 38 94 87 27 86 12 56 18 02 47 92 47 47 32 99 78 81 20 07 01 92 32 87 86 50 
39 28 41 61 13 81 50 58 19 76 43 30 83 12 31 81 03 29 27 86 79 04 66 99 62 66 90 45 04 28 95 95 07 87 55 19 19 04 76 37 31 70 18 13 82 49 93 36 29 72 22 08 75 87 06 89 05 47 33 08 74 79 54 81 65 08 51 83 63 79 71 93 100 89 57 33 89 02 69 17 73 90 24 99 28 29 87 32 76 20 92 01 98 45 33 15 05 84 49 19 
62 20 12 61 08 20 94 96 21 14 12 45 55 88 44 34 16 30 66 43 01 09 44 51 05 76 65 61 11 13 80 72 32 43 85 91 62 30 86 35 95 50 31 49 37 74 82 04 56 99 99 56 59 42 06 64 69 22 76 80 35 55 03 18 97 39 61 11 68 98 97 62 99 27 62 35 53 44 91 08 94 89 15 53 82 21 68 50 94 43 81 80 50 84 50 98 74 10 08 42 
07 04 55 06 83 69 92 35 12 82 42 57 22 56 61 03 28 28 53 22 23 85 53 72 20 02 69 94 11 29 35 70 84 41 27 66 09 18 100 72 52 93 29 73 49 41 76 28 69 80 01 43 64 54 66 84 07 86 77 18 14 63 39 50 03 65 15 64 34 67 87 85 59 67 58 59 08 85 87 76 64 39 70 27 44 35 62 51 20 38 20 86 52 58 35 07 74 01 70 07 
67 08 92 78 75 01 36 82 85 74 09 100 13 78 26 56 64 40 58 35 29 77 20 81 86 06 39 59 59 60 18 25 67 61 54 41 61 90 22 97 63 82 96 27 11 73 35 74 12 92 09 41 69 80 73 06 38 11 17 96 70 34 72 36 94 26 29 06 67 02 02 29 84 97 56 94 69 90 20 33 33 80 73 53 59 97 59 48 07 75 43 28 60 67 15 05 92 43 10 58 
45 63 38 80 59 45 25 79 34 44 11 67 23 35 19 34 31 29 81 89 55 76 68 66 42 83 70 85 77 31 42 73 45 31 52 55 76 77 34 09 72 44 27 47 31 98 32 61 78 12 02 33 39 69 98 80 03 20 64 80 02 57 52 47 88 56 01 63 84 86 23 55 30 02 53 60 99 84 72 76 48 25 60 86 46 10 66 48 29 81 79 82 38 83 80 25 38 81 87 21 
66 61 27 47 62 32 58 12 67 82 88 14 06 99 52 51 08 69 51 88 49 29 22 86 11 01 62 100 81 100 20 99 61 99 97 22 30 07 34 96 88 73 62 45 23 13 48 83 81 98 70 81 78 43 19 41 44 80 40 76 32 12 26 92 62 23 65 91 29 50 38 68 74 51 12 97 15 59 79 47 08 100 28 86 43 46 78 38 77 17 13 60 28 39 03 89 61 68 31 41 
69 21 08 43 23 71 91 38 82 21 84 89 72 11 26 14 08 03 51 37 20 16 96 99 54 99 40 66 18 22 58 86 94 17 80 17 87 22 54 68 42 89 57 14 52 34 79 59 37 82 47 08 97 43 58 50 93 97 67 10 71 24 47 64 40 79 32 78 100 85 46 42 26 54 07 77 87 85 87 75 66 34 82 62 28 40 63 20 88 81 81 58 56 79 22 47 57 53 25 57 
90 22 50 67 75 56 43 13 92 81 88 58 14 69 71 93 08 86 64 96 66 44 05 22 75 78 68 31 83 92 39 24 13 88 90 39 95 84 52 87 64 39 96 30 59 66 22 19 51 86 66 69 81 70 90 55 48 09 38 30 01 76 53 65 16 42 56 10 77 07 96 40 97 91 69 07 09 91 25 59 28 90 27 60 12 68 67 59 77 56 40 29 31 44 93 46 37 100 56 13 
06 03 52 54 94 21 61 02 63 37 12 42 27 91 53 90 58 19 48 34 74 39 14 57 82 59 02 18 58 09 30 64 64 33 69 57 53 29 10 67 66 73 60 44 63 13 33 73 83 32 58 09 22 72 17 03 30 70 72 87 79 01 02 42 85 71 50 38 51 11 56 68 83 68 63 98 32 47 22 14 30 79 74 51 02 90 05 31 60 76 70 90 28 71 83 13 93 32 02 96 
94 09 15 28 76 78 25 07 24 98 73 06 77 46 56 78 36 61 61 47 36 30 36 16 52 70 28 97 53 29 44 46 37 58 73 65 87 50 71 11 47 43 16 75 41 23 05 28 83 65 74 71 46 61 86 49 30 65 45 82 93 88 79 81 98 51 45 84 52 68 46 51 62 13 25 02 36 29 29 70 93 02 92 90 14 77 39 95 41 35 76 85 75 54 18 72 57 14 55 60 
81 53 10 43 65 35 96 52 15 25 22 60 78 13 49 92 42 87 86 34 22 14 19 96 19 88 19 75 01 73 87 34 25 96 28 42 82 23 93 97 47 14 56 25 79 04 68 20 43 53 53 64 66 23 11 85 62 29 11 63 53 49 48 30 45 75 23 26 97 15 22 96 81 77 72 59 33 39 30 75 43 34 90 09 09 100 45 70 80 07 32 84 56 31 65 52 05 87 77 54 
54 51 01 34 79 72 44 11 62 73 37 04 58 26 64 66 77 08 36 08 67 19 92 74 50 08 77 54 47 05 59 100 55 59 33 86 82 28 48 43 52 85 47 09 10 62 75 39 70 62 46 88 80 89 13 29 97 89 35 43 93 45 94 100 56 78 85 37 05 32 32 56 68 30 64 30 91 90 68 12 51 65 51 31 54 63 11 02 51 97 96 96 42 89 95 97 18 31 85 22 
14 16 29 82 45 44 63 88 34 82 99 36 46 50 18 51 12 29 52 15 25 99 62 18 39 08 66 56 38 51 29 03 66 57 36 63 01 98 50 86 79 100 21 25 49 39 27 13 19 79 79 95 29 92 13 68 99 78 75 88 80 56 90 98 12 26 12 64 23 61 01 54 12 74 30 13 12 56 77 82 34 55 76 15 98 40 34 96 70 08 83 49 63 24 98 27 49 09 42 24 
21 95 77 33 68 06 45 31 61 21 12 47 27 39 13 24 31 46 71 100 05 53 100 20 28 98 46 77 58 39 52 79 33 80 11 100 85 07 30 97 79 93 95 05 32 59 80 62 04 50 13 09 02 64 28 29 61 25 57 19 63 08 49 48 39 59 47 75 17 29 72 95 21 18 99 04 77 78 17 32 27 29 40 80 45 19 60 05 43 69 75 58 28 23 05 67 33 03 41 49 
31 64 43 04 82 41 59 10 70 76 41 48 56 33 27 100 51 39 57 94 07 83 03 34 58 07 100 90 09 41 39 92 04 33 47 37 26 05 46 95 32 39 43 40 71 21 91 73 59 99 18 65 82 20 99 39 26 50 80 87 90 70 30 46 03 76 82 28 32 80 74 16 70 68 55 40 89 97 64 99 96 82 64 77 01 14 67 79 63 46 17 05 16 46 02 18 73 83 97 56 
14 70 71 83 90 77 74 30 74 38 28 69 19 43 97 71 56 63 01 71 08 17 27 23 14 28 40 38 10 88 94 76 10 16 10 99 45 84 28 18 73 55 38 43 98 34 65 05 96 66 27 03 82 53 78 96 80 69 85 42 57 78 69 66 46 78 16 90 13 43 59 85 49 96 79 98 29 44 55 76 09 81 30 90 34 07 37 65 76 22 58 84 51 26 01 96 04 16 37 16 
10 95 53 58 90 31 08 70 74 62 97 82 42 27 24 27 85 60 44 12 33 01 95 84 27 95 31 82 10 68 97 19 62 49 29 04 32 36 25 05 49 22 87 42 100 62 21 84 21 64 96 54 16 90 89 42 37 19 75 98 38 24 69 52 72 97 55 55 84 79 60 32 52 98 73 51 59 93 35 31 08 82 36 24 23 24 17 59 95 92 57 32 15 25 83 38 73 89 93 56 
68 04 39 19 01 11 22 59 56 56 89 63 89 25 86 11 100 55 70 94 46 78 78 12 54 12 49 26 01 93 33 68 96 71 38 96 33 11 06 88 66 47 03 06 23 40 17 74 94 86 20 91 15 97 02 20 08 51 97 08 95 29 27 91 99 17 38 83 27 96 71 45 42 25 50 16 64 66 89 58 03 08 48 69 56 50 88 64 52 84 23 46 64 02 88 14 70 26 97 96 
73 67 92 14 91 94 81 06 11 21 63 66 81 63 34 36 64 74 51 67 09 26 64 73 27 04 86 96 29 82 43 01 100 87 66 42 80 98 48 90 18 62 55 98 76 41 86 39 66 36 57 74 61 73 46 39 76 32 34 04 65 29 56 65 15 73 58 94 70 57 35 39 19 42 89 46 34 74 37 99 09 93 72 22 65 18 60 40 01 94 95 65 74 02 81 88 26 91 33 95 
47 19 86 17 60 74 63 93 47 99 91 07 91 15 28 08 32 88 99 84 33 94 48 06 47 81 45 73 71 77 19 69 95 04 86 07 29 48 51 75 98 94 82 88 08 09 47 39 48 46 22 80 91 21 85 37 53 81 09 75 57 28 44 04 83 29 62 12 28 12 86 25 05 19 64 12 28 11 02 27 08 75 07 98 48 43 34 100 24 95 27 32 22 70 35 04 50 48 15 77 
60 53 53 16 71 16 80 50 78 81 77 85 08 35 34 55 77 20 06 52 14 32 84 87 01 70 90 02 18 57 78 29 61 82 44 83 50 23 85 27 56 13 64 63 47 49 17 75 68 22 27 81 06 10 67 06 31 09 60 48 17 37 28 77 71 72 11 20 94 95 98 01 07 61 63 05 62 79 80 29 53 06 62 58 67 80 15 49 88 74 97 56 63 24 84 85 47 95 04 93 
89 01 93 48 14 56 52 75 86 31 55 90 88 16 99 06 48 66 55 35 39 51 43 53 26 26 37 25 20 92 17 61 45 09 08 58 16 59 84 02 42 90 91 29 58 90 87 05 55 41 91 45 43 33 50 68 59 38 92 30 30 60 90 74 69 49 83 36 60 18 37 01 07 80 81 16 69 67 20 75 59 11 71 01 43 20 69 53 10 12 83 39 24 24 64 44 25 46 79 84 
15 16 36 73 95 68 89 15 87 08 41 45 70 63 46 65 35 66 17 44 29 51 82 52 27 97 95 51 42 26 34 08 41 21 80 87 88 20 53 74 80 93 71 49 07 16 13 41 33 82 84 61 32 65 65 58 61 11 08 54 36 93 13 76 13 45 14 53 64 66 26 43 10 48 92 17 63 56 57 95 37 93 08 21 09 72 30 22 82 38 27 18 82 40 45 95 84 59 47 99 
76 24 42 86 72 85 54 86 92 62 33 81 54 92 01 63 63 30 36 96 19 62 65 01 01 10 47 36 68 45 87 95 20 28 80 43 64 85 81 07 47 13 87 52 04 87 66 18 69 01 13 39 63 78 91 15 39 37 03 58 33 89 52 53 68 84 47 83 68 27 89 66 39 76 70 94 14 35 63 34 88 76 73 02 05 63 68 43 100 70 100 84 10 03 88 29 86 35 63 54 
61 52 71 52 79 40 97 44 75 60 78 62 35 50 15 91 12 82 85 63 52 84 47 13 86 34 94 24 20 56 29 81 59 99 84 89 91 80 33 65 39 62 78 25 11 44 15 74 25 51 37 28 34 35 41 72 20 86 47 40 41 75 72 52 25 55 40 15 86 24 31 77 85 60 01 47 03 68 21 28 18 09 55 04 43 47 27 62 32 73 53 25 47 24 76 23 30 67 38 16 
43 68 92 79 28 44 26 30 11 98 57 81 06 64 84 100 10 62 13 42 34 66 18 32 89 45 54 19 63 91 86 05 11 29 36 38 72 13 67 35 10 76 15 67 39 50 18 48 11 30 41 96 95 10 27 36 54 32 06 17 75 43 73 85 71 08 74 42 72 40 76 81 67 42 99 57 91 16 05 53 98 97 48 44 07 26 79 12 58 84 80 32 26 53 68 48 12 41 42 84 
32 69 16 99 11 67 55 53 34 11 06 31 60 05 75 18 31 53 29 88 89 61 71 66 13 90 66 76 30 07 59 13 75 27 63 85 93 70 38 26 32 95 57 91 99 83 60 29 87 89 68 27 49 90 93 13 79 58 88 60 64 99 73 38 77 35 75 69 04 64 94 36 58 02 78 08 84 38 89 23 78 56 49 78 98 41 42 76 50 29 36 65 79 60 55 55 46 29 75 50 
44 21 37 53 22 14 60 58 03 48 80 80 56 80 09 05 21 50 80 22 31 67 39 09 78 93 16 24 73 42 73 16 62 61 68 36 26 79 93 29 79 24 60 86 03 69 90 75 18 69 49 100 88 87 09 65 31 76 88 03 17 12 70 79 24 89 66 50 67 58 30 45 33 41 30 87 61 19 14 31 40 14 30 79 52 90 95 82 65 35 36 34 98 57 64 22 45 29 23 11 
38 52 08 22 44 89 08 05 60 73 35 51 86 64 29 37 54 75 70 70 09 57 03 07 13 66 28 57 46 50 20 83 53 79 04 48 67 64 52 78 36 86 28 74 02 08 62 07 83 32 76 91 88 31 49 01 48 28 09 94 77 80 28 81 58 32 29 77 95 32 06 82 70 34 55 71 93 69 29 27 100 04 70 39 86 18 91 34 46 100 79 74 79 06 07 89 89 87 17 83 
18 22 17 87 07 23 09 100 91 37 78 42 93 47 81 78 17 71 63 62 22 41 87 01 47 93 41 35 79 57 70 97 30 38 35 37 60 44 88 51 32 65 44 24 64 24 54 80 95 16 41 16 57 79 68 55 72 60 89 02 68 10 50 98 47 85 34 59 80 73 61 11 89 04 87 52 28 40 31 74 07 23 89 63 02 09 69 25 68 10 26 88 19 76 85 18 12 70 76 91 
42 36 53 30 91 91 82 18 82 64 91 89 87 32 03 40 92 72 16 11 33 41 98 51 68 82 20 79 03 95 21 44 82 26 26 73 68 59 42 02 22 85 42 60 16 44 51 59 67 66 69 99 59 19 02 26 100 21 57 55 68 29 98 01 06 75 25 26 33 67 27 07 03 68 66 18 63 69 76 82 34 96 32 44 14 33 22 66 06 78 20 25 58 69 77 16 44 54 93 76 
72 19 34 74 38 100 43 52 20 70 33 05 65 17 49 31 01 70 48 58 99 67 34 08 87 11 23 30 16 15 58 87 85 91 12 74 42 54 26 13 23 10 18 39 78 66 21 79 35 68 36 85 86 70 92 73 32 67 54 47 33 11 85 70 54 96 43 47 01 20 60 23 82 29 13 59 94 34 37 80 01 73 16 87 94 07 11 77 73 64 23 58 27 59 27 32 06 69 78 06 
41 89 80 22 17 44 32 62 77 69 93 30 93 08 68 38 15 78 14 39 41 88 96 67 46 74 98 03 95 28 08 35 68 39 08 37 82 39 50 11 59 43 40 51 02 59 40 68 36 53 07 76 40 54 95 37 80 44 39 74 71 98 60 39 36 67 27 70 05 76 80 16 18 71 18 20 29 58 87 16 10 45 43 50 51 37 86 30 33 77 03 03 74 62 93 10 80 19 31 36 
47 10 51 64 32 69 35 12 26 74 27 35 18 21 36 20 10 74 49 42 50 03 44 75 16 89 36 95 59 66 83 05 27 33 21 10 53 07 21 78 80 99 65 50 20 52 69 29 77 70 70 26 24 65 01 40 05 88 86 64 54 20 20 80 53 40 90 05 99 62 35 78 61 51 79 80 02 100 60 79 69 29 56 44 45 08 35 50 96 73 13 01 92 84 32 44 76 73 01 74 
35 87 03 47 89 82 78 42 81 37 20 01 17 28 44 61 87 31 10 34 03 22 34 94 06 18 90 81 90 90 06 76 28 08 22 16 89 99 57 21 35 29 21 03 08 17 64 94 47 73 80 49 47 13 94 04 82 83 84 72 72 41 47 51 48 21 66 89 19 23 09 06 03 82 08 10 50 23 55 48 96 34 96 42 99 89 45 80 72 80 51 95 20 50 46 19 70 63 07 40 
37 68 97 39 01 57 100 50 79 55 97 74 88 44 67 86 84 11 66 07 42 68 54 61 17 51 80 38 13 38 30 50 05 78 40 05 34 40 06 13 94 02 38 81 97 05 19 81 67 84 87 09 03 40 21 72 42 100 09 55 90 90 56 46 68 47 03 01 86 08 65 31 62 55 64 58 11 82 90 77 17 29 85 19 20 06 90 62 57 51 68 98 40 23 44 59 69 46 12 07 
05 76 37 66 82 100 76 92 33 17 69 49 45 05 68 17 62 09 78 19 59 45 68 99 19 11 09 87 56 20 93 13 48 82 78 29 81 05 21 14 22 41 14 18 45 81 34 07 90 11 77 100 07 44 50 25 07 59 64 14 78 56 26 25 37 04 54 70 60 26 35 81 66 48 99 62 81 32 20 22 95 96 21 53 92 71 78 50 29 93 63 06 100 89 83 37 44 36 58 03 
13 92 36 78 91 34 39 71 17 59 92 63 06 13 16 49 83 45 98 63 89 61 20 88 01 02 24 44 89 33 98 01 76 33 78 67 18 69 37 87 79 29 49 84 93 16 85 27 12 34 89 100 46 08 88 46 10 63 41 50 96 39 51 71 23 28 89 41 48 26 27 26 06 75 62 50 43 46 76 54 79 64 54 25 23 93 22 84 55 63 34 02 53 84 25 75 63 13 15 11 
38 41 88 95 68 49 44 10 46 19 15 77 34 20 53 57 12 74 92 19 88 25 20 40 08 44 15 23 09 81 85 46 22 72 93 41 73 88 02 18 07 16 94 92 88 98 100 99 72 92 17 59 16 89 51 76 84 65 98 92 97 82 90 18 05 82 10 77 69 11 95 27 79 40 19 66 38 70 16 61 61 85 71 29 73 21 56 08 37 05 100 34 38 89 03 94 22 65 71 90 
75 17 69 05 08 39 22 97 08 38 57 21 74 28 01 98 100 08 05 89 12 04 22 01 44 76 94 65 40 64 07 67 32 75 71 40 13 45 36 20 34 93 92 07 72 92 04 23 99 60 11 62 16 84 62 59 60 08 76 51 23 82 69 55 56 92 94 68 36 81 39 69 25 83 27 48 74 30 71 25 41 33 86 56 17 100 67 28 07 42 30 29 23 99 35 30 90 28 49 25 
61 87 45 85 21 71 33 95 52 55 19 92 87 56 100 03 07 66 82 13 07 12 94 81 62 28 10 51 08 58 27 68 96 71 04 17 41 36 63 44 90 33 35 77 88 34 31 95 51 65 59 09 28 04 89 89 32 98 91 91 07 17 10 03 39 13 71 31 01 33 74 42 17 08 70 04 94 53 50 96 17 61 05 96 64 93 36 47 43 26 89 49 94 50 03 32 15 25 62 15 
57 35 08 73 94 78 29 39 30 30 35 98 42 39 45 58 83 80 04 25 57 45 26 50 94 28 33 08 05 46 74 61 32 82 86 25 59 66 16 40 47 02 89 41 92 33 98 74 64 01 51 20 97 76 21 91 55 05 50 59 50 24 72 33 05 09 09 15 26 24 54 24 25 94 64 16 26 61 42 41 14 92 60 10 67 32 52 73 36 02 84 37 25 07 69 29 15 77 43 92 
53 48 15 77 41 79 45 18 91 86 58 04 77 69 66 95 100 17 19 87 70 02 75 94 08 95 74 74 71 68 65 75 67 32 04 07 10 48 24 52 33 33 08 61 01 73 07 52 41 77 38 11 79 64 56 38 58 82 64 81 49 28 55 16 59 58 74 20 05 50 24 89 82 31 01 35 03 59 86 95 36 24 57 66 87 65 03 97 46 66 77 46 46 31 13 56 41 39 28 45 
88 51 86 21 81 38 55 35 97 41 29 84 16 38 49 54 02 03 50 99 69 26 44 66 09 09 21 49 47 48 45 34 50 30 54 30 20 09 16 68 01 45 51 16 34 51 69 35 53 19 33 73 96 28 38 04 88 59 52 34 58 97 19 08 78 25 89 97 33 05 16 85 01 66 100 34 16 20 20 21 90 04 93 86 83 31 89 71 41 93 04 50 89 75 09 66 99 98 15 83 
54 30 67 54 48 66 39 15 37 10 35 27 65 28 12 47 10 52 69 50 44 25 99 84 99 60 02 97 57 16 79 10 97 45 15 96 62 05 63 50 66 49 76 30 28 39 28 37 91 49 38 86 73 89 70 23 48 23 19 04 38 49 65 86 93 31 34 06 87 96 55 52 44 83 33 72 21 12 60 63 60 98 01 84 86 70 06 33 44 76 88 33 24 04 18 68 34 03 25 72 
98 32 23 94 14 07 17 86 18 76 49 30 73 49 13 58 70 71 42 13 46 29 45 22 32 14 89 17 17 14 88 66 45 62 59 10 68 75 95 38 51 43 19 75 43 83 85 64 53 26 76 51 07 72 72 90 38 12 59 54 25 46 71 21 60 30 30 27 56 25 16 58 19 34 33 62 17 17 25 21 94 53 23 52 76 94 42 13 06 52 18 82 97 89 03 56 18 84 35 73 
08 02 31 79 36 15 40 04 31 16 76 76 20 99 28 96 44 21 08 01 72 26 83 20 14 37 28 83 20 14 07 80 15 37 58 50 03 49 05 85 16 81 61 36 31 40 31 74 12 90 75 35 15 09 54 80 45 33 62 16 46 69 95 61 57 04 62 60 04 67 44 20 99 56 07 81 95 37 54 58 26 80 92 93 88 98 72 32 30 86 100 76 06 46 88 62 50 49 73 05 
67 69 24 17 24 82 97 71 18 03 28 96 82 72 40 70 21 63 53 50 48 52 77 53 98 16 67 99 65 91 03 83 59 79 100 83 60 48 05 30 50 84 77 32 55 16 53 75 78 05 77 78 09 05 82 58 21 48 56 37 39 10 19 97 88 70 31 100 18 35 29 67 19 05 50 25 72 02 52 49 59 28 26 19 32 08 76 04 07 31 40 97 40 11 94 80 80 76 31 49 
11 11 16 81 67 17 05 38 71 56 86 29 35 64 47 19 23 74 22 29 04 14 78 95 24 23 26 55 98 56 04 60 66 71 92 32 87 97 21 09 04 59 37 91 22 35 61 96 60 82 76 63 47 53 10 22 75 35 29 73 43 32 84 08 54 76 92 40 24 12 01 79 70 37 69 43 24 29 90 83 63 66 98 61 18 07 83 45 93 11 17 35 94 52 95 47 27 86 38 50 
49 38 29 71 27 49 65 02 78 55 36 92 20 85 52 89 43 34 33 36 96 01 22 41 53 16 87 79 53 77 81 02 14 09 72 92 57 36 93 86 90 29 77 61 65 29 50 08 14 34 43 62 35 64 02 39 32 41 69 84 17 49 85 30 09 08 22 18 96 66 55 37 46 32 98 11 12 99 18 77 84 12 90 70 27 92 08 58 32 29 42 48 29 78 29 38 86 02 07 81 
68 61 17 65 44 66 75 07 16 44 36 100 55 25 69 82 68 29 91 51 09 32 50 37 10 79 26 95 32 32 27 51 45 95 16 40 13 42 47 28 86 82 79 92 58 100 25 26 80 16 76 88 99 26 24 08 56 02 54 87 33 32 90 29 27 05 69 91 98 67 18 35 48 49 27 57 48 03 82 27 18 10 66 17 87 41 76 42 42 30 80 75 61 69 55 39 25 23 29 23 
89 99 57 88 47 35 45 46 38 78 24 07 87 89 75 73 29 03 66 71 32 46 97 44 66 03 35 43 26 15 65 66 13 73 06 11 60 50 08 49 79 83 07 66 71 82 90 52 84 08 74 67 05 22 62 70 24 48 12 01 63 28 19 27 53 24 90 12 25 49 60 03 32 18 20 02 99 62 05 34 69 30 52 73 51 66 94 27 13 58 79 27 85 97 06 89 20 95 100 44 
43 11 99 74 29 18 28 79 79 84 65 99 14 68 71 16 33 17 94 98 74 73 24 10 69 29 99 89 75 50 84 18 13 82 43 93 100 22 71 30 06 87 81 71 55 03 86 87 19 32 84 92 04 60 54 72 88 52 12 63 01 96 32 65 77 74 57 28 48 80 10 53 66 42 23 20 44 60 59 63 91 42 06 94 01 59 18 41 10 29 55 63 76 86 27 05 11 36 84 58 
15 45 62 80 86 84 52 30 96 10 92 86 03 97 32 56 56 49 48 17 29 02 31 05 39 10 61 49 45 44 59 59 41 72 90 26 56 41 55 51 02 98 88 05 47 19 12 54 19 59 70 100 60 01 04 98 62 16 98 06 11 08 16 51 80 05 77 87 46 83 89 99 81 76 55 79 47 66 32 17 24 01 16 35 53 71 84 14 86 34 71 97 41 86 47 72 91 75 58 88 
58 98 38 90 26 93 68 24 58 99 40 34 51 56 68 56 26 52 21 12 85 92 60 77 29 58 01 71 85 58 58 94 08 96 83 33 88 02 56 97 52 95 30 02 02 98 09 28 01 30 91 37 73 02 65 53 11 65 24 95 75 33 88 82 80 22 66 19 23 73 16 74 19 45 28 21 94 36 100 46 17 90 34 41 43 99 94 53 63 69 48 37 01 87 70 81 09 35 99 31 
07 14 05 26 11 84 98 56 19 97 02 88 38 35 28 80 85 73 32 48 41 31 36 42 18 06 22 26 92 72 08 99 38 64 76 48 47 73 55 18 21 08 05 58 43 32 89 79 05 20 78 45 03 14 38 72 71 59 49 62 83 56 12 20 20 39 67 18 11 73 35 83 81 39 40 75 23 28 53 27 100 31 23 54 96 61 25 66 71 73 27 53 80 91 72 51 29 90 69 92 
