100 10 50
25 12 09 24 44 01 32 04 41 05 
28 28 42 19 15 49 22 20 25 31 
47 19 31 02 29 30 42 34 23 43 
32 48 04 42 23 50 44 05 03 35 
09 33 14 02 03 30 02 24 01 26 
07 48 45 37 49 25 18 42 10 41 
35 43 40 40 34 12 39 30 18 44 
14 29 28 27 32 30 09 34 06 09 
11 14 06 07 02 06 32 19 48 41 
11 34 34 50 25 19 14 16 48 31 
09 13 11 38 42 43 19 50 26 24 
10 38 39 16 45 40 23 26 09 22 
18 19 05 03 21 30 24 34 47 23 
16 07 38 27 44 29 19 12 30 46 
38 39 33 26 06 27 18 29 04 28 
50 24 48 05 28 20 36 01 03 34 
26 21 40 13 47 33 43 17 46 22 
12 33 10 46 11 16 23 30 46 28 
09 45 03 06 01 31 26 38 33 30 
21 08 50 10 20 48 44 12 14 40 
35 25 24 45 21 36 12 45 15 09 
24 23 03 27 31 04 09 06 43 41 
37 14 49 37 23 20 34 17 34 50 
08 18 24 31 14 46 17 27 42 33 
35 18 08 38 46 38 43 04 45 35 
46 31 50 44 19 23 16 05 41 49 
04 50 18 29 30 32 25 48 10 18 
31 45 35 38 34 32 27 26 35 21 
12 31 03 12 26 22 36 43 26 28 
41 29 27 09 09 06 42 33 04 01 
03 36 47 39 23 30 21 01 07 07 
21 19 39 23 32 17 44 19 09 21 
46 02 01 24 10 10 31 03 44 36 
05 46 21 02 37 45 31 07 45 40 
15 17 10 04 40 43 20 35 11 30 
06 08 31 08 31 42 17 11 44 13 
47 01 08 19 02 46 16 34 02 10 
25 19 27 34 24 18 26 45 02 36 
24 09 45 05 19 25 46 35 38 42 
49 36 42 09 04 45 04 21 28 08 
31 03 26 09 38 49 28 14 43 29 
01 18 40 46 22 08 22 20 44 09 
11 43 44 04 01 50 48 06 20 27 
13 02 31 38 12 19 38 39 34 32 
18 36 50 09 31 23 16 03 42 11 
13 04 03 07 07 05 08 06 11 27 
35 25 31 17 15 42 37 02 31 20 
34 50 06 35 08 38 07 25 42 49 
35 05 02 40 13 11 46 22 18 08 
48 02 33 30 19 47 22 07 50 04 
27 33 03 34 19 10 23 26 36 17 
24 20 21 27 11 35 39 07 06 09 
16 05 10 48 35 30 46 08 39 46 
11 15 30 15 50 49 24 24 24 11 
40 49 30 12 27 43 46 18 49 03 
26 16 08 37 14 44 17 11 03 05 
06 15 21 36 29 22 36 04 45 09 
14 35 09 43 46 35 37 44 02 37 
48 27 03 07 16 16 50 32 26 04 
38 34 18 10 21 46 33 06 01 27 
16 14 13 24 09 11 10 45 06 14 
32 03 42 34 10 07 01 11 40 28 
15 29 11 34 38 31 32 22 38 32 
49 03 46 13 28 04 23 38 50 28 
01 31 31 44 16 40 01 16 50 40 
44 16 21 06 50 10 39 31 32 26 
12 30 31 09 42 08 14 17 45 14 
46 47 46 26 41 12 17 43 29 19 
34 22 34 04 30 33 14 18 15 47 
45 29 26 25 39 19 33 03 37 29 
18 33 28 15 08 20 26 27 12 05 
45 47 28 30 01 07 15 16 26 29 
12 21 09 39 47 48 09 29 02 46 
10 21 30 37 35 39 06 13 15 17 
17 11 15 46 41 17 05 05 32 32 
35 45 04 44 35 01 43 46 31 44 
41 40 14 20 26 50 08 33 12 25 
01 28 35 16 26 25 32 30 31 16 
13 16 12 17 11 47 17 03 42 47 
48 34 39 11 05 16 12 14 49 24 
38 49 01 23 14 28 49 46 09 32 
13 22 47 24 38 07 20 06 11 13 
02 08 46 42 20 02 08 31 16 06 
04 03 04 07 27 18 34 28 15 45 
09 27 16 07 50 05 15 22 10 25 
34 13 32 32 05 03 35 12 33 50 
17 39 05 22 47 33 41 32 12 05 
26 20 33 43 28 35 49 42 06 08 
16 41 23 49 24 29 03 09 42 38 
08 08 26 14 31 22 47 22 03 08 
28 31 30 11 23 07 45 22 01 02 
31 18 42 05 17 16 33 21 26 24 
08 35 33 33 49 14 06 47 37 11 
06 14 41 37 24 13 46 20 36 46 
21 19 13 15 23 31 32 06 02 07 
31 09 41 14 44 41 29 49 39 15 
11 47 28 01 33 04 16 28 25 03 
25 46 21 40 10 44 20 41 01 23 
49 31 34 41 46 27 32 24 27 22 
40 38 18 20 40 01 23 07 30 49 
