100 10 50
07 30 19 07 38 25 45 06 19 27 
21 42 04 12 42 33 17 25 16 21 
08 12 33 19 45 34 16 08 29 28 
14 38 07 32 44 44 09 41 02 27 
17 22 20 23 33 11 07 02 38 23 
22 45 34 06 14 31 41 31 38 22 
08 03 11 17 36 06 12 44 46 13 
23 15 36 44 37 19 07 43 20 44 
17 43 38 03 01 03 33 41 33 20 
14 43 24 24 11 09 30 24 05 25 
39 29 41 24 22 29 44 28 24 13 
23 40 08 11 42 10 15 26 50 48 
45 16 42 20 39 04 31 18 27 35 
45 15 15 35 39 38 14 32 16 37 
47 38 28 06 50 20 15 15 45 16 
14 42 31 07 13 22 10 43 41 36 
29 35 03 43 22 43 31 37 24 48 
25 22 37 02 29 37 23 45 03 20 
11 18 13 43 24 25 14 35 20 05 
22 48 41 24 41 12 16 21 50 42 
20 24 15 06 26 44 44 48 38 46 
19 50 15 31 45 38 08 08 24 27 
14 46 24 07 21 16 18 37 38 18 
30 07 41 44 13 18 39 08 18 29 
06 36 28 20 19 22 10 26 32 33 
02 47 28 27 03 49 43 21 37 32 
40 18 39 32 13 03 02 04 10 19 
32 15 06 11 37 24 33 46 49 16 
30 02 12 08 31 15 08 25 37 46 
06 28 13 44 11 27 48 12 30 10 
32 11 26 38 22 12 11 06 09 12 
21 39 15 34 46 45 50 05 19 36 
02 25 15 16 20 26 42 20 39 22 
29 21 34 04 08 07 16 20 12 24 
33 34 12 50 20 09 44 19 15 15 
05 16 41 21 33 12 46 25 31 35 
48 09 07 31 13 16 40 30 35 01 
05 20 37 19 19 06 29 14 26 44 
28 32 11 20 03 44 32 50 20 12 
34 19 21 40 01 35 07 40 16 42 
43 20 13 29 40 33 36 19 46 13 
14 26 45 26 45 47 21 28 46 40 
40 32 10 12 23 11 48 30 50 13 
23 42 34 35 22 24 19 09 44 14 
22 07 41 16 34 38 14 05 15 09 
46 06 42 06 17 15 16 16 46 15 
30 18 09 14 04 30 39 22 41 32 
37 12 40 28 29 23 15 42 27 31 
02 25 37 46 30 05 12 47 21 07 
11 02 26 21 17 29 03 05 02 43 
38 38 06 27 17 36 02 33 29 30 
14 32 04 50 27 35 06 38 31 28 
46 44 30 21 14 46 49 16 03 50 
10 40 40 15 19 06 50 22 41 28 
01 04 10 05 05 38 39 10 26 22 
38 23 15 19 44 28 14 42 44 18 
44 05 10 35 20 30 40 21 01 30 
01 01 35 12 07 39 49 48 01 26 
19 40 49 33 08 42 12 23 35 07 
41 30 12 50 14 31 29 06 03 31 
35 03 33 22 14 40 12 13 39 12 
40 09 01 38 43 10 31 04 33 16 
11 25 45 24 24 09 06 04 14 08 
36 50 11 18 23 26 09 35 40 47 
46 30 07 49 17 49 08 48 05 40 
15 17 14 11 40 39 19 45 44 34 
02 31 36 14 49 08 40 07 42 29 
06 38 08 12 38 27 13 45 26 17 
37 40 33 02 50 22 43 21 16 36 
06 19 19 41 33 17 49 24 25 40 
02 30 29 12 44 16 38 06 13 13 
24 49 04 06 50 05 29 42 27 46 
30 33 14 48 23 48 16 23 21 40 
13 23 20 43 34 15 11 23 22 23 
37 45 23 40 02 24 46 30 18 23 
25 49 05 40 48 29 38 13 02 08 
02 16 32 23 10 17 39 20 39 10 
44 25 04 18 16 05 42 14 36 09 
36 12 07 42 02 06 20 41 18 23 
48 21 38 32 44 48 48 34 19 37 
44 13 13 47 32 31 04 23 46 41 
33 31 03 41 24 06 46 45 46 13 
18 45 34 05 26 29 04 24 12 23 
12 07 37 26 06 18 08 09 43 03 
49 25 35 03 16 10 08 13 05 03 
26 22 48 11 28 25 41 34 50 04 
08 11 11 46 39 16 13 46 26 07 
01 24 32 37 29 49 47 36 11 01 
39 38 24 38 48 03 14 40 36 14 
44 43 24 04 38 14 21 03 12 46 
09 12 19 42 48 49 40 44 35 03 
46 25 40 19 12 40 22 27 29 09 
40 22 02 16 27 41 29 47 45 42 
42 04 03 13 47 03 11 37 48 47 
39 44 21 28 14 34 19 37 11 48 
46 50 21 49 15 48 41 46 46 36 
37 38 41 42 02 37 44 14 23 43 
11 13 38 31 43 04 15 11 40 27 
10 35 26 31 35 43 28 26 38 23 
11 26 12 01 17 15 37 12 29 12 
