100 100 100
94 95 37 59 78 02 53 22 01 10 33 49 23 30 64 67 10 28 27 82 10 57 93 16 98 89 70 96 02 24 37 95 19 25 05 48 27 10 22 79 19 54 27 42 36 42 08 45 69 34 26 31 91 70 98 40 10 67 87 12 90 76 58 60 100 15 60 78 24 81 57 42 34 83 35 21 77 43 65 97 28 42 27 70 64 24 10 73 90 48 84 32 23 94 91 23 08 50 52 31 
30 60 24 16 43 59 88 71 01 53 67 80 46 94 50 09 17 59 34 59 06 69 90 81 62 80 55 69 82 06 51 63 66 75 78 60 33 66 30 85 70 96 64 67 41 13 28 58 23 61 68 81 81 57 61 43 88 15 63 69 72 14 32 37 88 61 48 72 78 29 56 99 25 19 66 17 84 93 74 06 05 93 86 85 01 98 79 89 12 42 09 36 07 92 24 46 53 72 17 82 
100 72 81 76 42 98 93 77 90 18 83 94 11 20 30 11 18 09 51 81 02 60 16 08 03 40 53 07 63 21 89 62 92 21 90 85 18 34 14 07 51 96 52 13 67 33 76 36 93 26 69 94 37 84 53 40 75 57 46 89 77 34 51 20 06 92 05 23 25 18 81 75 65 84 40 83 17 15 19 09 40 87 55 29 22 07 68 49 64 65 37 40 99 39 60 56 82 16 79 06 
85 11 33 01 95 72 83 11 38 53 71 77 91 77 57 65 84 24 65 99 89 01 90 39 92 01 94 73 16 24 79 52 35 63 04 81 34 87 43 23 91 13 99 34 90 08 98 25 31 62 75 71 14 64 61 05 65 07 30 32 82 08 84 16 70 39 96 55 25 38 77 68 03 27 53 44 34 50 68 17 63 42 39 28 57 52 85 21 58 14 05 39 73 40 07 94 78 54 48 55 
44 76 22 98 54 74 41 40 75 60 08 89 53 98 68 09 49 52 82 58 17 86 97 89 25 55 82 02 60 81 56 03 08 29 100 62 54 92 53 80 51 60 20 03 09 88 64 58 91 45 15 08 30 63 96 06 69 78 07 29 10 15 83 18 95 83 79 49 26 83 28 77 94 100 31 02 87 94 59 77 38 26 36 19 40 32 24 09 61 83 89 70 49 71 87 43 05 17 43 31 
99 23 07 92 22 37 46 08 83 04 36 20 81 24 91 21 55 66 81 67 48 69 88 48 91 75 91 96 43 85 78 94 07 36 37 28 72 82 87 06 38 75 78 18 98 68 90 04 33 22 70 33 42 57 80 33 83 22 80 26 59 57 71 65 92 07 45 15 89 31 21 78 57 98 47 54 17 89 57 49 10 78 33 52 35 65 36 69 38 15 46 96 23 16 61 14 23 05 80 63 
87 52 92 44 49 38 49 17 26 58 66 36 35 50 39 21 14 26 90 52 40 87 47 62 03 59 27 77 63 58 91 02 10 82 45 58 19 45 27 97 02 92 32 37 93 22 09 07 47 50 58 38 37 56 51 91 15 77 67 29 34 57 30 95 90 26 05 08 71 31 04 72 22 87 60 66 60 21 72 58 70 81 95 58 37 45 48 51 73 14 79 59 22 61 53 63 86 57 71 08 
87 26 32 60 65 91 26 76 63 49 34 85 30 28 42 66 25 90 68 49 55 98 59 29 58 64 91 96 20 13 03 59 91 34 70 55 77 47 82 39 96 15 23 77 95 65 94 71 06 61 19 12 58 78 40 68 93 83 63 64 95 65 22 85 99 44 91 75 42 73 65 89 87 88 65 33 04 58 03 61 70 22 72 80 51 64 99 43 46 61 06 40 77 80 77 27 75 67 01 68 
39 18 57 78 57 73 10 60 83 13 72 52 86 43 83 88 06 81 82 03 41 39 43 18 70 71 44 44 37 97 12 28 66 20 57 22 92 66 81 74 30 52 78 67 46 60 06 04 41 87 06 81 26 100 50 47 70 46 91 59 94 54 86 59 25 42 80 16 59 12 42 41 15 19 59 60 78 65 63 18 03 21 51 80 20 100 27 90 97 17 48 42 22 85 100 46 78 31 13 88 
42 54 80 08 24 39 68 02 55 82 19 57 02 69 37 74 21 63 15 69 31 14 11 04 50 62 01 27 93 65 66 86 71 46 94 94 36 13 95 90 94 66 98 48 86 86 73 58 48 87 27 30 52 89 85 01 50 85 27 94 02 92 80 72 89 25 65 24 37 60 65 82 25 63 81 10 48 05 68 48 91 46 29 42 34 14 42 35 50 20 29 51 64 60 22 52 36 87 28 72 
46 92 05 22 54 38 83 54 42 50 01 85 95 29 78 80 94 20 15 44 91 95 46 06 54 68 58 89 54 85 12 51 28 68 24 82 05 06 87 99 08 87 83 02 67 60 34 13 31 48 56 22 42 01 27 47 20 36 87 25 72 98 27 100 17 50 33 22 08 19 72 15 57 54 16 75 13 01 87 44 48 94 17 41 47 95 87 66 83 25 91 06 22 17 05 91 19 89 64 26 
07 35 40 15 88 07 90 52 08 76 47 07 70 15 48 16 62 86 33 44 11 23 49 84 92 06 74 62 94 89 87 01 23 78 67 10 84 56 14 43 32 60 50 53 75 49 20 36 34 52 31 96 27 79 32 70 36 57 31 30 46 17 82 68 46 48 30 29 04 43 72 87 54 73 91 80 21 10 67 06 13 97 02 91 28 85 60 63 41 90 44 86 58 77 06 03 25 35 84 80 
29 55 18 34 79 60 14 99 21 32 56 33 29 57 24 08 93 35 22 34 25 18 71 34 94 76 37 70 62 20 01 42 26 18 76 56 77 41 54 97 24 09 82 52 18 57 11 10 91 85 95 67 02 66 01 95 93 89 65 55 60 65 96 37 35 23 92 63 15 97 12 39 57 93 42 74 01 53 36 91 37 82 10 90 47 10 84 92 50 100 46 09 17 93 45 51 68 88 65 82 
84 76 72 40 20 14 66 20 18 01 63 06 34 72 95 81 33 30 72 82 30 69 42 98 13 38 100 80 25 64 14 08 40 85 99 11 50 64 31 19 16 93 76 50 16 22 30 48 52 53 81 33 73 22 30 85 11 29 65 35 44 78 94 35 14 92 46 64 56 76 34 71 20 10 20 35 31 01 34 34 05 14 66 77 87 47 62 97 27 78 83 71 07 76 57 20 19 02 35 74 
29 69 97 48 30 68 34 12 69 19 46 25 32 63 02 70 10 15 18 88 44 100 10 50 27 67 69 46 68 56 71 49 76 19 48 05 87 82 16 07 52 13 83 36 76 36 05 37 50 75 76 93 26 86 94 53 52 15 50 71 70 72 71 97 43 19 01 29 52 68 87 03 33 69 38 08 57 95 96 06 69 71 51 94 56 96 98 59 10 47 82 31 71 52 27 13 22 79 93 73 
47 31 76 31 51 65 38 07 59 85 65 27 55 67 21 63 62 18 73 24 17 54 54 39 58 81 03 79 59 95 04 57 77 31 87 27 95 76 86 54 60 50 80 67 68 52 81 29 22 53 04 38 59 58 28 68 38 30 98 48 76 01 05 04 31 91 30 26 19 67 79 30 16 10 96 83 62 76 64 83 29 67 72 39 76 99 06 13 80 03 61 55 56 17 58 86 07 39 63 77 
06 41 07 73 51 02 08 64 30 23 46 10 41 17 48 17 67 53 81 46 07 93 52 62 09 61 48 68 99 62 44 56 03 50 81 05 04 88 68 33 62 65 94 02 81 41 70 47 45 51 44 51 43 95 13 52 07 12 71 05 73 14 13 27 16 93 83 71 32 02 55 45 66 48 46 98 88 16 96 32 18 39 82 60 85 46 63 91 09 33 48 34 99 12 12 66 56 95 36 39 
48 90 83 14 37 28 63 76 95 11 07 12 49 40 24 86 38 38 28 98 23 27 31 21 38 43 38 93 89 25 83 36 14 65 01 02 45 64 77 39 74 35 03 74 26 78 11 15 15 91 13 37 17 43 09 55 37 46 99 77 70 34 13 35 98 65 88 42 80 16 33 05 50 35 31 28 12 41 42 78 83 06 15 100 01 75 06 37 21 56 66 42 89 78 29 87 94 16 80 74 
32 12 78 33 98 60 12 61 53 06 39 35 11 05 34 11 79 91 100 51 47 65 93 35 94 73 73 87 40 05 12 23 16 90 08 66 49 19 26 01 24 16 88 87 20 21 97 99 12 96 49 10 12 93 96 05 17 21 44 57 25 55 79 40 96 86 05 97 05 83 49 80 98 36 66 18 57 15 68 20 62 68 81 74 13 76 30 29 96 73 85 72 80 16 12 75 01 68 71 57 
02 72 89 100 07 54 69 15 68 88 34 30 07 66 55 19 94 84 100 89 09 84 61 40 51 24 14 52 43 37 60 45 08 48 96 14 54 16 29 73 55 14 54 61 32 08 80 25 44 79 65 04 14 77 43 65 100 08 68 95 44 79 91 03 27 86 69 32 53 49 04 07 14 58 67 45 17 98 69 60 28 34 15 94 10 57 58 62 17 77 56 12 07 46 15 33 83 83 16 87 
83 20 93 96 29 11 41 45 61 61 57 88 94 71 81 56 80 90 17 96 18 24 07 25 21 73 09 03 55 25 41 89 44 33 85 72 95 77 68 55 37 24 43 31 95 75 38 26 65 06 21 82 29 79 58 49 52 67 03 58 91 43 47 86 27 31 09 21 07 76 76 43 52 70 25 46 44 14 23 60 19 43 94 47 21 51 47 24 17 01 82 59 95 28 44 21 10 04 94 68 
32 21 62 83 90 39 80 85 52 02 45 71 96 90 69 16 40 16 92 09 68 73 67 63 52 63 83 61 18 28 80 49 48 41 31 89 79 62 26 31 63 70 53 58 11 21 26 50 88 17 58 56 41 77 18 92 39 52 52 08 32 83 57 79 23 39 20 54 01 45 84 63 66 88 73 76 08 98 25 48 66 35 03 06 63 72 97 53 75 100 60 06 82 16 37 04 55 56 57 55 
100 92 69 65 31 41 40 91 90 16 38 55 02 92 60 16 63 08 68 89 07 28 95 88 95 31 44 01 86 52 07 37 96 76 01 78 68 92 68 58 59 05 64 61 48 24 76 62 31 96 51 90 23 45 29 69 27 24 70 12 76 76 48 23 03 100 100 71 91 20 80 49 76 43 61 24 18 89 85 01 84 35 90 58 31 18 26 57 42 95 20 69 23 19 43 25 70 94 47 60 
13 26 61 89 21 21 12 38 09 48 38 44 35 27 01 65 97 27 74 90 73 45 58 95 16 52 72 85 45 70 45 58 48 57 46 68 77 09 05 38 08 95 81 42 73 82 59 69 60 84 10 32 28 67 79 43 70 02 28 15 71 24 72 18 80 69 85 08 29 42 97 36 36 78 30 60 11 88 81 22 71 90 53 50 09 83 93 78 84 72 92 55 95 15 24 74 35 61 81 15 
02 30 03 89 07 32 48 69 71 80 90 93 70 94 42 78 77 86 55 60 57 47 66 51 13 90 76 48 02 09 14 03 38 16 43 96 47 42 64 69 22 05 61 91 50 55 68 26 40 22 38 97 20 55 99 33 96 75 32 97 35 45 99 72 61 93 67 59 35 82 80 08 86 92 98 35 46 17 13 86 90 50 34 62 56 84 94 52 58 77 48 44 73 99 15 85 91 81 96 77 
62 75 84 99 66 33 86 64 49 98 01 91 99 86 52 54 69 97 05 79 25 05 22 97 03 37 82 93 69 77 22 83 03 05 81 20 90 18 83 90 15 83 80 65 68 83 71 89 79 75 67 03 31 88 52 33 76 33 78 45 61 99 27 15 55 59 34 44 77 69 34 91 03 65 08 23 48 78 11 78 04 77 81 35 16 32 67 92 16 96 88 28 94 14 42 49 72 27 44 48 
95 77 91 98 94 98 72 41 75 82 18 30 10 50 64 77 33 83 68 48 78 55 27 72 20 68 72 92 95 15 91 41 44 33 90 37 30 61 29 56 94 98 86 03 48 01 80 32 83 99 80 61 06 58 84 25 26 07 68 72 21 59 12 16 91 02 04 73 14 32 80 08 30 17 10 29 18 41 60 100 40 91 12 45 49 47 21 26 53 89 97 26 47 60 93 89 13 97 13 27 
80 93 34 09 09 95 89 26 88 49 78 27 91 41 23 39 40 43 16 44 31 12 21 29 24 14 70 36 62 82 62 41 74 47 50 35 94 90 12 81 38 89 59 81 82 81 71 21 23 87 16 06 50 37 34 73 02 55 09 63 37 22 03 62 21 04 48 14 94 60 94 83 100 52 63 81 84 34 53 58 20 69 63 69 57 49 42 58 03 02 20 91 23 22 53 43 26 100 08 71 
11 53 53 11 56 16 43 39 49 96 97 20 16 59 88 72 59 81 29 62 34 48 52 09 21 56 51 98 08 11 68 18 63 21 80 71 88 23 09 36 18 57 07 85 68 46 56 26 79 84 39 12 83 91 20 55 98 23 53 57 33 72 27 47 44 06 17 31 80 78 18 49 34 24 33 01 70 88 79 48 23 17 11 57 59 31 12 57 53 16 65 37 39 91 83 83 49 52 13 28 
29 31 77 62 06 09 63 27 49 41 26 23 09 37 32 68 67 43 76 71 10 40 07 48 31 89 82 31 40 95 58 68 77 86 82 34 47 96 61 95 88 38 69 96 74 100 63 92 94 38 62 55 78 68 03 60 09 36 90 100 30 99 20 58 85 01 44 31 96 56 77 35 93 45 30 67 97 93 58 90 82 20 45 11 39 99 70 47 34 11 47 16 10 18 73 46 18 16 28 65 
71 04 99 16 100 28 82 96 72 91 86 06 62 82 16 53 80 38 99 13 100 97 28 09 14 53 06 83 20 33 99 43 88 97 58 40 77 91 87 100 33 24 05 95 05 21 47 84 10 97 49 09 46 28 70 11 32 75 94 52 60 92 46 99 41 03 90 17 45 77 16 77 100 73 23 05 45 69 40 54 18 40 14 63 68 83 73 99 10 18 02 21 62 47 19 02 01 61 70 97 
37 85 74 36 09 96 92 53 17 84 06 34 23 20 96 42 54 20 93 63 38 46 83 99 45 54 100 45 14 69 94 02 05 67 89 14 14 81 66 82 16 24 15 90 95 62 84 100 82 76 63 19 73 97 17 17 02 68 14 67 88 07 68 92 25 57 57 90 89 23 72 04 98 86 45 44 48 28 43 29 55 57 99 28 54 15 44 07 34 09 74 21 15 93 12 91 01 69 81 41 
43 04 96 92 89 41 35 88 68 77 68 23 34 66 02 39 32 97 97 65 06 22 85 72 15 97 63 67 17 95 08 11 98 03 02 38 43 36 26 63 64 45 37 49 11 38 39 42 34 36 07 39 57 43 11 23 91 25 90 07 71 49 17 68 03 18 57 98 05 34 60 69 79 96 69 89 33 08 82 18 43 40 57 51 83 19 74 73 95 15 32 65 15 100 84 17 70 40 14 74 
74 73 94 52 20 63 92 04 22 25 22 16 65 30 66 47 48 39 71 94 05 54 58 19 54 41 36 23 32 49 48 57 74 42 08 45 56 51 49 77 76 70 92 40 99 09 38 98 48 60 91 04 14 100 23 67 92 10 89 23 10 36 80 83 29 39 28 36 42 28 64 17 97 07 08 47 16 97 44 15 56 86 18 69 37 92 87 28 01 27 02 11 63 81 45 43 72 24 79 13 
51 42 81 99 49 88 45 16 84 40 30 39 77 47 60 13 91 46 40 91 25 42 53 39 74 98 81 45 73 11 09 24 05 89 22 05 76 19 20 11 10 49 02 87 47 13 99 37 10 91 80 34 32 32 72 57 81 53 54 54 63 62 77 19 51 50 23 78 20 42 89 30 42 90 16 41 02 14 29 11 56 08 45 39 92 68 96 72 20 49 25 35 10 53 53 12 55 76 90 74 
69 30 03 11 19 70 03 72 36 31 34 91 39 30 30 82 98 25 53 69 73 30 55 34 34 08 46 88 35 87 14 55 16 68 17 86 38 19 57 73 50 42 63 40 72 92 21 21 68 25 89 92 06 44 26 40 03 23 79 89 09 92 43 24 60 12 09 97 30 17 21 31 58 83 70 81 27 42 01 94 19 42 86 24 85 63 63 39 85 42 27 45 85 21 20 96 32 28 92 14 
96 64 44 53 47 66 34 25 59 86 18 77 27 55 01 63 69 15 01 05 56 79 49 93 100 68 88 83 47 32 48 42 95 44 95 41 61 80 65 19 17 35 48 44 41 48 06 10 62 07 14 70 85 15 62 36 82 49 71 81 80 18 22 27 13 68 67 73 99 84 44 16 70 91 11 62 38 16 71 51 74 37 72 11 03 33 98 84 34 68 16 65 38 38 91 02 57 10 75 56 
45 18 23 14 60 33 75 49 100 98 99 74 86 23 36 88 55 33 23 40 01 39 57 90 28 47 91 84 08 17 91 52 86 65 17 45 97 44 93 49 93 44 22 78 66 57 65 72 41 39 64 41 77 20 82 56 18 73 40 26 89 82 29 75 47 46 71 95 89 16 43 33 59 16 10 76 24 26 99 65 64 62 57 93 33 39 48 51 11 39 28 51 21 56 77 19 53 100 65 93 
15 60 25 73 75 34 100 99 59 98 63 75 12 19 67 44 57 66 46 19 05 73 22 77 81 50 47 33 49 11 26 63 70 50 87 45 36 38 95 46 88 09 20 99 27 38 94 36 04 40 06 08 64 79 36 96 81 82 29 29 92 06 44 14 55 82 10 42 20 56 88 07 64 07 57 42 97 50 29 100 41 87 59 57 65 94 52 97 75 32 78 18 37 21 83 44 54 92 37 25 
47 24 83 62 83 39 04 79 41 32 30 81 18 88 89 35 33 93 31 07 24 08 76 13 80 59 08 34 02 44 10 01 20 93 62 02 31 65 32 23 49 61 04 18 100 44 52 32 36 35 90 12 94 65 24 74 75 83 59 29 78 68 81 97 60 42 98 43 59 29 65 59 41 20 76 40 16 80 71 51 14 12 14 07 29 37 32 55 71 90 83 49 10 63 45 21 57 95 63 67 
75 80 25 16 51 52 07 66 31 30 69 44 41 82 03 69 71 34 24 41 24 58 41 33 21 86 53 29 32 68 47 06 99 71 21 01 22 80 67 05 09 35 48 49 68 50 18 38 36 93 31 59 50 71 43 22 56 47 50 87 66 48 45 16 70 17 17 44 96 83 48 04 69 47 53 88 49 22 26 84 14 56 94 63 78 36 37 86 34 38 24 100 86 68 15 55 85 83 98 80 
65 45 84 85 92 88 73 40 61 50 23 74 57 16 88 34 03 76 19 36 14 43 87 99 62 54 53 46 36 03 78 53 47 13 89 90 100 13 29 12 62 03 85 70 70 24 04 72 100 74 60 65 16 98 63 78 03 67 75 39 69 52 43 68 64 31 57 15 96 38 26 57 92 62 27 62 38 82 85 89 55 96 53 23 94 67 52 48 33 78 86 54 30 80 73 45 63 29 60 58 
18 85 66 10 99 44 23 36 25 07 24 32 55 76 06 100 94 57 47 26 34 85 31 15 64 03 60 78 84 71 35 01 07 01 62 05 96 84 40 21 43 15 04 97 42 09 96 35 17 94 13 02 78 43 17 94 98 28 71 33 98 06 33 04 58 47 09 53 30 100 25 72 15 80 20 56 88 67 43 56 61 55 58 38 49 26 83 98 53 54 30 02 59 15 05 68 61 65 72 90 
65 97 14 31 76 33 38 16 100 80 71 12 86 80 01 35 05 84 84 57 37 14 58 47 28 15 14 88 79 85 29 95 33 42 77 61 27 15 76 26 46 98 37 32 78 89 18 82 72 01 91 08 66 100 54 93 66 19 32 97 56 61 43 40 02 20 100 80 86 27 05 31 77 93 14 54 82 83 87 05 36 29 13 01 81 18 94 46 89 25 42 44 85 85 35 39 56 35 70 41 
13 75 23 89 19 89 94 52 71 81 09 06 61 21 07 41 90 52 39 78 76 32 73 13 68 08 03 23 94 72 15 06 98 38 95 69 78 40 72 48 20 80 06 33 52 64 25 42 15 63 71 42 95 44 06 14 03 60 37 96 84 03 01 33 92 47 53 69 87 25 69 58 56 74 42 60 89 67 01 55 81 23 96 75 66 54 41 68 65 77 15 48 31 68 81 23 66 33 91 52 
09 59 62 17 84 55 76 24 21 28 78 02 50 26 28 68 31 68 35 95 96 50 95 79 69 75 01 34 59 43 38 20 02 51 36 37 05 11 13 26 38 90 79 39 67 58 06 97 78 41 44 25 42 38 03 62 64 03 95 22 46 32 41 99 82 28 87 87 38 99 64 27 41 94 66 59 51 23 08 28 63 51 05 56 88 07 17 51 62 64 24 59 95 17 57 77 44 95 15 34 
46 78 12 38 71 29 96 73 52 03 53 66 05 57 74 44 63 42 94 76 05 70 34 100 86 42 28 81 37 42 66 82 19 78 19 41 06 66 13 57 69 65 75 25 73 48 69 88 89 14 63 94 83 97 45 20 38 72 53 26 13 18 07 83 95 77 75 53 43 87 61 63 04 35 39 76 82 07 15 71 21 78 16 55 26 60 75 15 31 79 41 95 96 99 29 43 76 03 95 70 
41 07 84 44 42 22 72 23 81 86 45 01 15 60 55 40 71 81 55 53 11 47 47 07 45 27 01 72 29 47 93 70 53 76 65 94 50 36 69 30 74 65 82 88 77 88 28 47 69 34 100 79 80 98 37 24 25 37 48 05 83 40 74 88 16 39 33 17 26 01 98 99 18 79 39 94 66 18 92 86 51 43 17 30 41 53 05 17 42 52 21 76 92 47 63 59 37 96 27 14 
48 24 65 65 02 03 10 67 20 02 53 70 44 69 51 36 73 07 52 66 59 25 42 02 23 56 12 59 03 38 24 51 13 88 67 14 90 77 32 61 30 36 82 73 56 84 09 81 91 12 46 01 88 87 54 10 43 65 20 97 54 44 47 18 83 66 83 73 94 14 85 23 02 67 47 57 50 07 37 40 19 83 92 06 21 45 68 15 61 39 12 66 82 10 83 65 27 65 89 20 
31 25 94 32 91 41 40 93 47 29 84 17 63 76 75 83 20 94 50 81 32 13 46 66 22 81 82 49 45 70 20 75 46 66 06 37 58 98 81 56 26 64 73 88 39 99 22 11 92 71 91 23 83 88 88 57 20 69 57 65 90 28 91 36 93 49 24 50 46 04 06 71 67 30 10 58 80 31 68 71 54 10 45 88 49 85 44 69 05 52 33 47 80 23 34 72 71 57 74 68 
12 31 38 30 12 99 87 91 82 06 61 35 15 57 22 16 41 18 84 98 69 68 44 100 42 77 72 65 85 97 32 48 27 22 77 38 20 16 28 01 21 40 87 88 48 61 03 41 78 38 38 98 05 81 98 46 09 21 62 93 17 94 92 95 67 68 32 38 35 11 39 08 02 77 95 49 37 49 89 66 86 78 16 42 58 65 39 18 85 01 62 53 46 53 47 12 73 30 49 07 
40 39 66 93 16 12 41 04 60 82 22 97 59 37 38 69 01 29 86 37 29 100 89 74 52 87 37 24 16 85 83 07 76 48 99 43 12 39 46 71 72 19 20 31 55 09 99 07 37 36 43 17 35 83 42 87 69 78 62 36 15 96 42 90 96 92 32 07 83 29 29 54 100 100 84 54 09 82 13 97 18 55 66 52 90 07 90 58 85 04 94 99 99 87 40 46 79 71 52 61 
51 33 14 50 32 50 56 92 31 68 89 100 74 54 04 63 60 45 73 96 48 18 94 99 04 85 44 34 07 96 94 58 28 60 59 11 09 14 03 91 33 43 43 59 96 98 21 07 42 45 55 90 62 100 88 66 85 83 51 91 78 45 100 57 56 59 20 16 24 22 06 09 64 100 67 11 97 39 69 39 84 23 80 45 23 67 62 59 49 13 49 79 09 49 87 64 59 06 79 82 
79 36 90 94 36 08 04 84 47 25 22 30 99 01 74 73 19 88 31 20 100 32 50 60 80 36 23 38 94 53 71 24 40 13 18 27 20 73 11 66 97 84 95 48 85 21 20 55 08 03 74 59 34 23 18 13 11 92 02 56 96 24 79 87 36 96 14 56 21 76 21 17 59 68 64 95 40 36 50 99 38 75 57 71 98 26 35 60 17 88 67 64 11 45 50 47 93 15 54 13 
90 26 81 01 45 97 95 84 32 44 82 69 19 90 91 68 15 25 79 83 12 45 46 74 41 48 72 33 62 25 97 04 03 78 04 47 26 98 31 57 94 64 77 64 54 67 83 68 43 61 51 06 57 48 79 49 47 03 82 09 79 30 12 81 59 67 28 84 16 10 40 09 73 68 24 78 34 06 46 28 18 48 33 26 47 12 75 94 14 08 54 92 37 17 25 48 83 04 31 98 
65 23 59 37 90 82 67 76 40 12 03 09 11 36 35 09 99 09 02 64 68 55 07 56 71 31 03 05 86 86 03 50 08 61 39 49 94 05 24 85 68 79 94 78 14 80 86 64 40 40 27 07 94 33 62 17 16 17 21 01 02 75 03 09 87 41 57 81 45 33 65 12 11 10 41 76 89 78 39 28 17 65 34 63 49 48 79 16 64 51 69 17 26 71 77 12 63 85 44 07 
17 61 70 79 70 10 54 11 39 92 38 56 08 24 18 09 23 48 76 38 98 44 54 23 66 30 87 28 14 30 34 83 90 55 61 60 16 15 22 55 58 59 10 18 34 79 26 56 26 01 93 75 97 98 98 62 27 36 90 41 65 75 23 07 30 35 66 45 49 87 51 59 97 60 76 31 38 53 38 15 05 31 90 01 28 39 15 07 74 04 99 90 30 73 96 59 07 13 56 08 
51 06 66 48 18 93 30 07 45 67 22 49 49 11 02 77 49 16 83 74 19 81 63 48 53 59 59 11 71 66 18 22 23 83 21 40 75 50 47 71 68 68 20 17 30 73 93 30 88 27 03 58 59 65 57 63 75 15 73 46 32 91 19 55 25 39 46 52 40 92 22 07 11 93 23 40 65 67 69 52 45 23 09 03 88 66 17 14 32 90 11 64 32 29 70 56 19 15 07 10 
59 81 17 69 73 91 61 90 10 29 41 54 52 02 09 91 19 25 56 02 66 67 17 97 95 86 05 66 53 63 75 11 43 43 79 68 86 39 57 47 20 49 100 23 02 60 65 72 37 20 74 02 86 90 51 33 28 55 50 80 69 76 42 12 71 20 31 56 11 39 02 82 87 53 04 41 65 20 12 01 91 85 54 77 27 04 61 54 10 10 85 79 37 26 42 07 97 72 14 59 
10 67 40 48 20 95 88 36 66 100 36 57 36 89 33 62 45 45 67 54 06 03 84 42 80 25 49 77 48 14 87 09 81 27 57 100 73 96 87 39 95 22 95 83 62 79 44 58 75 63 12 80 65 95 73 45 72 73 73 19 87 59 28 67 37 36 18 62 31 04 100 78 77 46 60 90 76 03 48 50 17 59 81 34 05 05 78 28 78 02 47 64 12 26 82 01 61 99 62 43 
02 13 20 30 10 79 19 85 34 66 86 50 76 18 83 33 22 12 60 99 65 58 14 77 35 95 29 47 45 90 90 98 02 09 27 11 88 46 47 73 11 84 22 39 01 57 71 22 20 30 73 85 40 86 13 74 33 41 21 77 82 10 75 83 70 01 45 57 98 43 81 61 26 55 99 26 11 69 99 82 50 71 18 89 09 30 63 41 22 35 69 03 44 43 37 13 96 33 22 93 
27 02 53 52 08 51 29 70 71 80 52 73 02 69 13 10 51 27 02 24 61 71 27 56 13 15 69 08 100 42 53 26 95 05 30 03 08 58 72 30 89 75 02 91 44 15 100 46 41 02 69 54 72 47 09 36 14 29 44 13 70 96 90 17 52 19 71 11 77 42 41 17 69 94 07 64 60 07 09 01 60 29 06 31 76 14 66 41 43 61 53 64 08 42 80 12 13 02 22 41 
44 62 57 64 08 64 27 67 70 35 19 29 15 24 11 90 38 28 82 32 41 34 95 100 28 27 11 40 28 33 80 23 46 36 86 53 51 64 20 20 98 38 100 13 62 62 54 51 90 36 34 82 21 28 81 100 06 92 91 86 24 22 60 21 58 98 74 08 61 45 80 11 82 31 75 95 93 80 45 34 67 78 15 40 58 95 39 15 38 30 52 13 51 64 34 60 61 59 20 73 
03 51 35 84 81 61 79 25 41 75 58 59 05 72 98 14 19 89 28 08 18 32 21 20 95 54 32 07 12 03 79 14 53 66 49 85 26 79 10 66 54 67 77 10 91 74 23 61 62 02 68 31 33 40 03 79 93 86 85 56 88 16 21 92 81 70 76 06 48 37 24 53 04 100 62 46 25 36 58 87 38 25 69 22 65 71 01 09 56 37 17 95 52 37 86 84 58 14 42 58 
50 17 10 53 68 24 50 92 11 07 30 100 84 99 22 100 21 74 60 77 62 76 71 14 65 09 49 22 22 90 31 71 06 93 76 73 16 77 65 78 84 46 78 19 44 51 70 65 76 29 93 37 57 15 02 21 23 51 94 96 40 25 67 98 17 94 70 84 70 86 61 05 32 90 23 27 40 92 43 67 73 35 04 81 02 05 01 76 55 46 72 47 22 90 44 38 83 65 73 52 
51 86 57 34 75 31 12 67 75 55 33 99 41 88 79 42 93 79 18 47 76 41 93 98 30 88 87 12 53 60 15 55 97 23 88 71 54 99 89 80 05 74 78 46 61 56 39 53 86 08 52 61 48 96 10 29 84 97 40 88 08 07 42 04 29 29 74 34 79 15 65 36 40 42 33 100 97 71 05 34 31 08 47 30 55 56 59 90 52 50 77 59 56 18 14 37 98 40 22 29 
54 87 64 45 28 96 44 77 66 100 62 48 59 08 78 14 64 36 03 67 85 80 78 93 49 91 29 47 30 02 75 35 88 38 79 68 33 75 96 50 26 57 50 85 17 27 98 32 14 100 50 98 31 27 42 80 70 22 26 51 24 52 38 63 41 68 30 73 42 77 74 20 34 23 04 02 01 53 33 14 04 82 64 35 61 05 14 82 27 91 32 02 42 69 64 82 37 94 06 30 
70 31 49 55 06 04 56 58 56 40 72 60 74 35 94 34 91 59 15 69 01 98 70 94 19 34 27 07 79 32 36 48 14 37 55 71 40 62 29 48 54 52 07 27 38 52 60 28 62 26 97 62 23 18 55 41 51 81 47 29 64 35 29 29 71 83 100 62 96 80 09 49 31 67 75 20 18 86 47 31 11 95 92 34 13 46 26 15 78 73 44 41 59 72 22 81 06 21 42 53 
52 03 54 34 69 80 53 39 66 51 69 28 46 61 13 10 58 39 24 88 63 67 28 21 90 49 01 47 21 94 100 72 96 05 05 17 84 09 55 49 60 75 77 05 35 89 66 45 79 89 32 41 08 11 13 49 12 65 96 84 59 47 08 06 51 64 22 34 73 28 35 32 03 63 88 89 03 05 33 82 93 16 74 52 79 39 53 42 03 48 25 13 46 84 19 48 48 92 33 72 
20 19 03 22 81 42 10 36 46 95 17 90 62 42 42 40 80 46 81 35 45 58 47 90 41 65 89 88 57 21 59 76 92 13 49 72 06 58 07 51 04 75 41 66 17 34 57 48 79 38 82 23 47 29 64 87 45 04 27 53 76 37 80 67 02 28 39 07 38 97 10 41 72 02 58 40 87 15 39 17 04 21 39 50 01 54 88 45 57 66 98 84 03 29 51 56 57 89 62 46 
37 71 86 60 72 96 99 10 62 38 26 65 10 16 66 10 69 05 06 77 71 55 61 25 84 11 80 92 51 93 37 39 16 74 99 39 69 49 49 30 86 74 46 47 90 63 08 10 68 66 39 38 20 51 14 55 13 45 46 63 37 34 53 04 08 51 43 76 100 91 58 37 16 55 84 57 18 43 67 85 08 05 74 80 55 87 86 67 83 84 81 71 17 33 75 24 36 17 52 35 
59 61 71 26 15 06 83 32 01 49 16 08 05 41 39 59 79 25 77 61 08 09 32 76 41 06 100 76 74 03 62 84 15 85 09 29 90 91 61 90 91 28 50 95 21 40 05 99 16 81 12 75 89 43 51 82 100 02 09 25 56 71 08 70 55 16 98 96 59 10 38 49 90 39 44 10 78 48 60 94 29 71 20 69 65 70 50 16 71 11 40 26 81 47 95 87 15 45 82 73 
54 19 21 95 57 64 56 87 64 16 80 44 38 99 12 03 21 14 18 43 76 10 21 56 56 67 42 70 11 23 94 17 94 15 11 50 30 67 36 45 34 67 88 71 18 52 25 90 17 95 32 92 04 52 99 11 19 40 33 81 14 26 49 59 92 60 09 74 78 96 18 63 15 06 85 84 09 10 25 77 56 56 68 11 60 66 21 30 57 05 62 22 31 11 81 74 22 41 47 51 
88 17 13 54 74 97 89 82 58 13 58 13 21 77 23 32 94 96 61 02 100 22 23 82 84 55 56 05 47 54 55 87 70 67 40 43 16 81 76 25 93 33 38 65 09 12 96 54 07 08 55 59 82 78 40 65 84 47 22 31 01 76 17 22 95 08 65 62 88 40 86 33 25 23 97 85 87 45 39 93 04 93 51 85 22 43 02 58 89 23 40 41 98 56 63 44 15 79 05 55 
70 91 87 94 65 35 31 51 31 69 96 35 13 98 19 87 92 72 44 81 94 83 73 44 90 35 87 04 13 44 58 35 34 96 28 50 83 58 53 13 78 48 47 91 97 18 77 89 89 72 21 83 54 93 26 95 80 64 98 44 07 08 78 92 55 58 42 37 15 94 50 45 93 48 87 41 65 15 81 06 86 01 40 91 46 65 85 25 80 82 20 87 41 98 78 48 55 71 84 21 
64 85 17 08 33 03 49 49 17 29 06 54 82 45 44 27 61 28 03 41 62 22 79 54 71 56 01 77 27 85 50 42 21 66 02 53 21 50 54 89 30 59 43 63 04 86 89 64 66 43 56 27 17 34 80 39 42 81 16 20 17 17 13 37 34 14 42 54 15 95 43 97 05 85 59 60 22 100 76 87 42 31 13 10 17 45 49 58 77 16 77 45 32 89 81 65 55 74 19 69 
20 13 65 25 97 24 36 18 75 11 05 16 94 69 78 10 13 26 67 41 41 95 85 24 35 18 88 89 91 58 10 11 70 74 87 66 49 22 36 23 33 92 91 26 12 68 87 25 45 05 17 37 99 02 60 85 19 99 74 61 57 83 71 26 08 57 44 09 31 31 31 63 22 73 40 33 92 26 09 36 30 26 24 80 79 83 64 49 82 89 09 38 23 80 15 83 88 58 91 18 
88 73 32 61 46 23 94 37 100 54 25 81 31 48 12 09 31 76 57 64 16 66 53 91 97 67 73 36 77 63 06 16 87 37 77 32 12 22 69 11 75 45 92 06 92 03 66 22 30 23 37 98 40 89 88 88 08 12 23 84 26 28 51 12 17 27 44 28 100 64 90 75 08 81 32 99 36 97 73 17 71 09 66 62 50 53 49 57 64 24 92 89 03 42 53 19 21 96 98 20 
11 88 46 18 20 29 68 07 78 40 24 100 01 89 62 02 94 62 10 09 37 53 50 40 94 02 10 66 49 08 38 59 47 35 76 66 64 95 73 41 35 48 40 87 36 53 40 81 67 49 90 03 01 39 42 46 92 04 64 40 11 01 98 57 35 25 74 50 19 46 90 05 45 82 43 33 86 82 13 52 30 54 55 30 44 48 28 35 51 91 74 13 91 23 21 77 47 95 27 66 
92 68 22 37 01 65 69 87 46 33 38 28 87 44 57 30 92 36 65 42 26 90 07 68 13 27 45 11 21 23 28 13 90 50 01 91 14 69 77 11 01 66 38 39 10 47 69 53 82 85 46 60 74 52 27 38 79 23 49 51 45 76 63 87 77 15 77 42 83 05 53 36 22 42 74 83 88 94 35 22 78 33 81 04 84 59 41 14 34 41 65 30 17 79 16 93 94 44 35 28 
100 39 15 74 80 41 56 20 34 43 41 64 75 73 67 10 83 59 24 68 100 88 98 16 66 65 60 59 61 46 39 60 84 53 33 16 93 41 35 79 83 75 42 57 99 60 18 81 18 41 49 17 28 98 84 46 62 96 56 22 41 94 34 77 99 18 92 91 58 26 69 40 52 62 48 50 21 66 82 39 06 30 07 86 79 43 83 93 38 38 14 30 84 99 06 82 17 49 24 74 
74 93 66 25 06 13 26 27 30 08 17 88 89 23 73 68 17 07 60 54 44 25 84 27 24 41 60 92 90 84 17 15 28 82 92 33 95 17 11 76 24 27 63 65 02 87 32 18 93 91 72 37 67 07 15 42 99 75 33 40 10 50 07 37 31 98 21 77 14 32 53 90 58 15 54 59 02 37 29 94 79 100 82 45 58 49 87 08 75 19 48 84 20 54 72 03 03 92 79 68 
23 83 09 33 50 62 43 51 50 71 96 28 22 30 73 79 78 11 39 52 81 86 87 01 91 58 03 45 01 33 12 24 16 21 08 65 34 50 67 84 21 14 11 42 95 35 73 72 97 11 75 78 48 13 30 90 22 84 34 23 16 45 98 83 65 05 99 51 54 17 34 74 83 96 68 77 83 40 01 79 02 27 08 49 40 89 38 61 72 23 35 40 67 32 74 84 36 73 34 90 
41 19 15 23 66 82 52 100 73 52 31 74 30 38 74 69 79 63 82 50 85 16 41 04 100 15 39 35 39 24 76 79 94 91 54 59 24 05 59 49 08 89 74 37 78 48 58 56 62 91 58 47 58 98 02 57 12 40 92 50 15 67 81 08 09 34 66 85 90 76 33 49 16 06 85 46 05 94 53 67 84 10 65 94 60 66 50 71 57 93 73 71 12 05 30 20 38 47 04 79 
23 88 27 90 94 63 87 98 57 40 16 92 01 80 37 60 97 87 83 53 31 55 75 42 59 04 14 48 03 69 78 77 57 56 66 02 18 05 51 26 44 67 70 44 98 06 56 95 92 38 99 75 44 26 16 54 29 81 53 83 50 30 59 58 85 77 11 54 81 13 80 24 79 49 19 29 54 74 23 98 63 21 72 06 46 39 11 27 20 63 61 21 44 20 30 80 96 92 34 76 
04 65 51 35 13 69 63 18 95 37 67 09 09 38 15 07 29 25 33 48 40 45 20 83 64 01 63 59 92 48 86 47 12 36 81 76 57 43 93 03 79 60 11 88 49 25 94 77 02 78 76 93 22 47 27 38 47 89 48 90 36 34 37 99 21 17 74 77 12 67 31 42 78 42 81 26 18 26 55 71 55 30 63 29 77 90 66 75 30 65 65 18 98 01 16 71 69 90 99 32 
08 30 74 85 71 06 62 88 32 16 59 86 46 73 14 74 62 31 48 44 96 12 61 45 64 76 15 85 17 66 16 76 95 41 60 17 99 74 56 30 89 66 67 86 39 33 59 52 63 59 95 10 22 55 55 38 83 21 22 51 38 89 27 84 82 86 100 80 11 08 61 100 73 27 37 63 59 48 15 74 58 09 83 79 16 37 16 98 10 89 48 47 30 26 31 63 64 82 42 74 
89 54 25 14 80 62 76 91 61 90 64 18 51 46 48 66 35 16 15 44 04 14 42 85 40 24 47 03 06 40 76 46 93 01 59 25 14 35 15 26 24 78 43 26 75 90 91 09 05 05 04 61 19 46 97 58 21 96 12 26 35 87 24 80 39 82 56 04 16 70 29 92 99 71 17 73 13 60 82 69 64 37 29 34 34 26 43 55 21 54 32 07 93 55 38 31 37 93 35 04 
14 63 47 12 86 16 37 98 75 70 66 90 06 47 76 40 24 70 46 96 24 77 02 68 32 92 50 20 84 36 23 50 51 22 61 36 37 49 85 63 18 02 04 76 100 79 67 23 49 12 18 24 88 72 91 71 63 92 90 98 28 13 47 78 34 60 65 22 60 01 84 78 02 87 05 54 18 71 76 66 82 46 41 21 69 83 92 83 74 81 32 53 45 79 30 30 90 46 51 01 
46 86 78 100 25 34 53 42 04 80 59 37 25 51 58 45 33 01 27 58 33 59 11 78 89 92 59 30 90 10 30 35 47 60 86 71 93 38 64 97 70 74 85 94 76 94 91 60 46 17 18 79 27 80 08 15 23 66 44 12 75 26 99 74 85 84 96 77 74 12 25 43 85 62 88 13 55 78 72 01 47 89 79 73 20 38 40 43 03 35 06 30 60 56 03 96 40 98 73 65 
09 49 59 46 10 98 58 17 76 81 17 74 70 47 98 41 84 37 35 38 24 41 67 83 96 69 31 87 19 03 03 79 03 61 76 13 59 33 81 86 66 49 11 35 95 08 27 30 97 62 67 20 54 86 54 49 54 84 88 72 38 90 03 41 03 78 05 13 63 85 98 28 85 08 14 31 67 40 12 63 01 78 34 54 63 88 55 69 23 94 92 61 83 94 53 37 72 09 49 34 
45 98 61 29 05 74 59 72 13 70 86 66 99 20 71 14 07 25 82 81 18 25 41 53 19 45 41 90 53 90 75 49 87 35 77 44 60 87 67 24 56 52 89 07 71 60 20 77 36 53 58 06 77 50 10 47 47 50 88 99 91 62 100 78 48 76 73 07 15 39 31 22 90 71 28 61 82 99 89 18 03 46 75 80 48 84 78 94 85 66 44 76 27 43 05 27 71 77 33 85 
15 15 06 56 86 86 16 19 84 05 88 87 02 62 18 01 97 95 94 82 12 90 09 91 84 13 17 54 41 49 90 07 16 96 62 53 33 30 71 16 34 59 54 87 20 71 88 69 18 33 50 29 22 58 71 06 22 87 11 62 88 01 68 03 48 81 55 80 10 77 47 95 35 01 82 07 23 21 75 40 53 76 21 27 85 91 84 06 30 94 19 17 46 86 19 45 18 25 24 28 
01 71 22 88 23 55 94 45 75 20 37 80 95 57 06 31 99 41 36 28 86 54 96 32 91 66 76 08 90 52 87 43 74 09 30 96 63 75 40 90 46 28 69 92 84 26 22 35 66 57 14 51 62 10 34 52 75 10 11 17 13 98 59 86 06 40 81 20 66 72 09 11 100 29 02 35 54 23 69 19 31 35 70 92 44 03 95 18 64 05 86 76 54 44 61 11 35 93 31 100 
17 91 62 16 20 15 02 25 37 71 44 19 57 65 62 100 19 56 69 35 13 55 10 66 50 23 77 37 67 59 36 83 01 50 50 20 64 52 45 53 74 40 71 30 56 33 29 74 40 49 08 04 55 70 22 57 44 98 93 62 08 80 97 08 29 46 80 93 97 76 45 22 15 67 51 70 51 31 95 43 32 55 46 86 76 67 42 71 16 34 32 23 14 80 83 94 26 62 86 74 
37 82 96 03 01 98 24 51 81 18 93 12 24 91 49 51 57 91 21 25 76 05 47 41 84 81 35 61 42 72 87 30 54 34 32 54 31 07 56 63 77 01 74 100 91 23 51 99 65 23 23 40 27 22 33 63 02 67 75 44 90 61 25 43 94 57 48 77 63 56 39 39 56 13 91 98 87 93 96 03 15 71 94 94 92 26 08 93 44 82 88 34 43 13 28 88 21 76 64 35 
83 03 26 38 67 68 87 05 60 82 07 26 52 100 19 95 78 26 40 21 08 27 54 02 91 82 89 63 09 05 50 91 59 27 80 77 94 66 81 05 99 39 30 03 90 49 97 67 26 36 88 85 15 93 86 57 26 27 72 34 31 21 76 89 99 07 65 92 24 97 96 23 35 25 25 76 25 73 43 51 61 82 35 75 74 73 83 100 51 54 85 81 26 13 21 24 19 37 67 43 
33 62 17 19 39 93 94 15 65 88 17 25 69 52 51 43 76 34 94 26 87 30 58 65 42 30 40 13 66 07 55 50 20 23 20 10 15 65 25 79 53 41 56 21 44 06 15 71 91 60 96 30 90 05 94 83 34 33 95 51 39 49 52 11 23 71 20 37 88 44 68 40 37 23 12 80 80 79 51 71 90 98 100 31 55 93 14 88 77 08 91 68 09 42 78 31 65 97 68 52 
93 87 43 29 09 54 60 40 84 62 10 74 12 61 04 66 05 69 05 82 77 95 01 37 89 78 67 53 26 86 04 70 72 98 50 32 03 10 72 87 23 33 12 34 46 67 99 50 36 04 83 12 50 83 48 38 12 66 42 38 04 97 59 75 94 09 59 97 70 82 83 44 66 46 78 11 12 28 61 47 31 43 10 33 78 09 70 89 75 64 78 30 60 37 04 54 97 14 50 18 
95 84 61 61 29 38 23 92 66 83 91 48 78 100 80 55 61 02 95 35 65 73 16 24 61 19 29 57 85 30 26 79 13 86 91 93 76 14 37 93 48 27 92 77 26 24 31 86 77 26 72 41 50 87 16 10 58 97 18 42 26 95 72 91 32 15 35 07 80 71 51 79 97 95 56 75 18 86 12 94 63 36 86 64 22 53 25 31 49 94 24 75 88 48 65 20 14 99 78 93 
