100 100 88
82 66 60 54 30 78 02 51 37 07 36 50 47 40 79 35 67 56 26 63 15 76 38 31 18 37 34 78 26 44 12 83 85 71 49 02 60 26 52 08 32 88 33 54 15 87 88 57 55 01 31 45 52 68 76 70 80 85 59 81 40 46 76 12 29 12 14 64 37 65 48 69 40 56 10 54 55 10 86 85 74 28 17 38 72 04 83 39 65 29 32 16 75 83 04 79 06 17 30 42 
57 77 86 09 45 08 38 75 81 36 47 42 39 63 79 86 67 49 13 19 78 44 34 64 38 13 30 43 29 59 60 86 48 34 70 68 41 83 30 09 06 76 50 21 50 17 18 04 65 30 22 30 49 32 05 62 44 34 16 49 69 52 22 04 85 03 71 13 61 12 21 67 63 46 87 24 38 80 04 15 22 25 44 46 56 25 20 76 34 11 36 14 62 57 17 34 35 63 46 07 
50 42 73 24 64 47 24 13 39 27 27 36 51 47 81 83 47 12 46 56 23 81 46 60 49 62 06 83 13 27 65 62 69 50 62 44 08 61 32 22 87 59 57 25 81 50 83 15 37 40 70 35 32 27 07 56 65 76 26 77 14 03 26 58 28 63 77 11 35 21 33 09 55 01 10 23 26 68 37 63 20 82 09 27 21 79 59 61 66 60 25 56 38 50 01 65 01 54 52 11 
74 60 84 16 60 05 38 62 72 50 36 67 43 20 70 39 11 40 11 52 75 35 83 25 61 84 01 37 49 28 47 10 87 42 25 35 22 38 08 70 87 19 24 17 14 05 56 24 20 42 52 07 77 46 31 25 17 07 61 65 11 83 50 09 13 74 43 34 23 26 79 85 44 15 14 58 83 45 57 15 86 20 85 50 42 03 74 58 09 22 11 83 17 60 04 05 22 22 14 20 
48 05 81 03 83 06 36 77 50 69 03 23 88 63 73 17 65 58 51 50 80 61 44 72 08 47 76 29 69 01 25 28 69 17 06 63 86 18 52 47 86 30 45 61 05 29 78 69 63 16 30 54 76 74 13 59 08 64 88 52 64 88 79 21 16 61 83 13 54 46 35 51 76 79 23 56 20 76 36 82 03 42 23 54 27 11 25 10 74 88 62 25 87 28 45 14 64 40 02 29 
61 36 79 24 02 78 79 85 41 03 54 20 44 52 73 46 62 73 55 23 72 04 48 46 32 68 59 07 83 36 36 56 71 02 55 73 55 22 45 08 24 11 03 67 62 75 88 36 36 54 58 19 34 81 65 65 61 11 47 55 47 58 86 05 60 29 53 02 50 10 09 73 20 11 27 81 62 26 04 09 55 38 03 88 06 43 40 66 54 87 09 76 32 70 80 67 10 45 69 59 
30 53 43 49 40 45 17 13 70 85 85 13 34 63 76 39 18 28 81 47 02 65 34 33 46 01 12 56 45 80 02 50 20 21 10 59 65 03 71 23 87 43 35 08 18 86 22 35 25 14 81 02 54 02 35 12 02 22 43 23 77 44 72 08 64 58 67 41 60 25 39 34 44 73 41 61 46 62 71 71 52 39 48 17 40 58 04 17 79 46 15 43 02 87 51 41 32 05 57 03 
05 07 12 48 55 52 84 13 01 66 59 52 80 18 69 07 76 72 24 42 06 38 85 71 12 47 23 43 27 80 21 31 62 32 79 29 59 74 17 60 28 75 87 19 68 67 26 55 27 25 09 08 62 69 78 50 03 76 68 29 43 65 35 17 72 01 21 43 51 13 78 78 87 76 72 42 31 09 73 33 33 57 40 71 37 29 08 39 16 75 43 59 51 77 51 11 78 47 53 40 
59 18 29 33 05 12 74 35 85 58 67 05 26 82 75 38 22 58 76 14 45 30 48 71 19 10 57 08 32 21 23 02 14 51 34 19 38 19 29 34 77 72 15 78 65 01 28 87 35 79 76 79 21 35 37 15 20 06 86 51 02 20 52 16 70 85 10 83 79 38 05 43 21 19 33 86 83 36 60 29 26 47 83 22 57 08 36 52 13 33 14 78 52 41 69 09 13 54 68 03 
68 72 46 88 66 54 61 60 01 08 01 02 30 59 24 86 66 59 25 54 68 38 20 07 54 88 80 66 30 59 45 09 18 02 08 83 31 45 30 31 28 06 32 58 65 31 31 42 66 56 72 45 69 03 51 35 66 18 76 07 52 32 15 69 09 87 39 15 19 69 45 46 74 53 15 26 59 22 44 36 53 27 80 33 05 19 43 70 36 07 53 88 14 67 44 87 65 83 13 83 
39 58 17 88 86 07 26 56 28 45 68 80 47 59 01 51 53 19 08 65 25 60 64 39 15 83 37 55 53 49 50 03 82 42 67 55 48 68 87 52 24 66 43 70 12 19 08 65 38 79 41 38 27 80 52 41 50 64 07 15 01 32 17 58 73 83 01 33 62 87 84 61 40 14 18 27 09 25 67 22 80 83 59 18 50 87 58 12 62 64 26 62 72 18 08 56 77 08 64 26 
70 59 87 21 49 16 23 57 17 02 78 72 60 48 01 22 46 34 33 84 73 34 33 56 51 40 24 15 47 87 41 28 34 39 24 82 30 23 50 22 88 15 05 59 62 69 80 84 14 88 55 87 33 87 30 60 15 29 74 37 28 02 41 37 16 40 30 22 62 55 43 61 69 24 32 18 04 87 77 82 87 43 56 07 18 85 42 08 26 04 44 29 05 84 41 85 36 46 18 73 
12 60 46 56 59 53 73 39 51 38 32 25 56 63 32 49 59 73 56 60 52 12 64 57 07 16 53 18 61 46 03 48 81 24 15 52 76 64 02 14 13 09 39 44 71 70 05 17 30 60 53 58 71 28 26 54 44 54 47 80 75 25 40 67 48 54 30 11 05 07 25 17 79 63 37 37 20 41 54 25 12 82 82 59 21 83 88 40 24 46 32 10 71 71 77 06 12 82 17 17 
01 41 09 55 15 45 04 34 61 33 58 73 26 28 19 46 22 18 86 46 63 05 55 21 51 43 27 62 13 43 78 13 83 63 43 73 19 46 82 80 78 27 40 79 54 58 37 76 75 10 33 25 78 87 46 40 18 48 13 30 02 67 18 60 41 60 44 35 82 13 02 47 39 41 38 05 74 74 80 36 59 88 37 48 62 58 87 55 17 75 84 82 53 77 53 05 25 72 16 18 
84 17 64 10 34 13 14 83 62 69 31 08 44 43 55 18 12 29 72 04 16 44 85 68 08 49 49 32 08 64 25 67 56 65 76 01 53 66 60 03 22 66 10 66 20 41 83 31 69 42 34 60 61 06 16 69 30 64 76 37 15 13 79 46 53 66 23 17 19 82 19 41 59 29 18 78 45 76 84 25 05 05 61 66 10 76 22 15 27 09 51 41 85 41 62 49 82 84 42 77 
77 60 29 47 64 22 12 84 73 71 85 77 51 57 30 36 44 51 50 70 36 76 86 08 28 59 57 86 55 74 74 19 21 78 42 61 11 29 56 83 12 52 47 62 20 77 10 39 15 35 20 26 23 81 34 26 52 66 23 82 51 72 76 71 61 29 43 47 58 75 17 45 38 64 82 34 28 67 72 18 14 04 44 36 60 53 61 23 30 60 80 56 43 68 14 80 72 33 14 17 
19 31 61 32 70 55 65 73 09 49 02 22 28 21 57 87 49 06 86 54 65 77 21 83 32 11 50 80 43 64 08 61 70 45 04 51 75 45 35 83 05 12 17 32 09 49 30 57 54 03 87 06 56 19 65 63 29 26 54 47 65 38 19 46 82 87 08 68 43 18 38 23 06 54 54 14 79 59 46 20 62 44 26 29 39 02 67 43 03 33 02 68 70 84 25 39 82 09 82 12 
02 31 34 07 61 63 84 51 10 18 70 71 37 07 75 75 72 53 06 75 61 07 30 42 02 54 56 60 38 49 47 16 80 57 22 52 31 82 14 40 75 59 86 23 42 48 74 25 77 79 75 49 61 16 67 38 46 34 09 83 83 32 10 74 88 08 13 06 65 02 22 51 60 19 49 13 43 34 14 31 88 88 55 60 16 33 10 61 43 82 31 37 01 17 86 88 24 74 70 64 
75 03 26 46 85 74 35 39 84 48 45 83 47 12 31 38 20 16 10 62 09 17 74 10 33 71 73 32 32 54 07 18 32 08 40 29 57 50 43 52 09 64 23 31 75 53 45 70 68 30 44 52 46 29 37 78 76 22 21 19 51 03 13 83 10 52 87 67 13 17 30 85 80 28 03 66 80 47 48 35 77 67 87 10 71 35 64 58 32 84 53 59 63 65 53 72 28 27 50 16 
43 56 76 11 83 78 76 51 13 11 85 65 53 59 74 36 06 49 05 13 21 33 71 83 09 11 42 12 13 68 03 56 35 78 66 05 44 29 55 56 16 28 32 44 86 81 79 67 42 60 80 38 04 38 08 77 49 49 88 61 28 03 04 38 56 45 43 11 50 73 66 41 12 73 84 10 66 51 52 83 22 43 32 01 81 39 77 17 63 53 53 03 55 33 40 22 77 58 33 14 
43 74 54 54 59 26 39 12 76 03 06 73 21 37 49 77 51 38 05 25 66 34 03 08 66 19 29 54 52 37 44 06 87 09 36 33 10 50 44 61 28 49 45 49 61 70 37 23 19 18 23 60 27 02 67 04 84 71 33 47 20 76 29 82 61 40 26 70 01 69 43 29 29 63 53 01 44 65 87 38 58 85 09 84 62 75 87 57 58 32 80 53 83 20 46 55 59 47 13 35 
27 31 63 31 05 03 07 25 68 69 62 13 65 47 09 15 09 71 71 42 78 62 70 73 57 27 39 27 49 27 62 75 57 12 17 62 79 87 62 58 67 35 46 20 57 54 34 66 37 16 83 02 54 65 74 22 67 01 25 28 27 62 14 84 73 07 33 63 05 06 08 72 16 54 03 73 83 36 26 07 27 20 09 56 84 82 54 39 58 78 66 85 51 79 56 11 85 88 50 66 
69 57 25 84 86 27 44 57 38 45 63 40 41 47 72 12 17 37 50 74 02 27 70 52 18 37 38 78 12 87 31 80 32 55 52 29 57 07 85 70 28 36 22 68 82 69 79 10 17 41 60 18 67 17 45 60 30 82 26 41 57 56 09 88 23 60 28 79 42 01 61 69 36 58 48 05 38 15 79 30 55 50 47 09 66 67 69 07 36 06 24 68 37 32 67 59 67 71 26 20 
71 62 65 82 31 88 62 44 14 52 73 44 13 07 53 55 49 09 61 60 78 60 40 26 03 18 61 69 88 86 65 46 59 41 15 65 40 77 84 54 40 68 73 29 50 13 83 74 21 31 45 10 03 84 12 69 14 72 50 77 69 26 11 15 42 25 55 81 77 50 22 29 05 07 33 30 19 03 15 16 09 59 01 75 55 12 56 44 83 81 08 39 82 18 29 35 19 83 27 07 
44 25 11 24 07 43 53 01 21 67 16 30 14 81 16 44 04 47 87 63 39 70 77 08 88 18 42 82 12 45 88 32 45 75 55 51 05 84 51 26 62 43 31 75 11 46 30 14 69 04 52 83 74 41 03 49 34 20 18 21 64 81 28 20 67 59 46 72 54 73 73 27 03 15 78 13 36 83 26 16 63 54 11 24 70 77 72 15 08 65 11 72 57 39 67 36 09 01 19 62 
73 67 64 75 81 29 87 28 24 88 20 62 29 30 85 10 82 44 88 01 20 75 48 76 25 03 23 09 03 17 46 51 83 85 37 75 26 11 79 25 74 10 86 15 15 82 88 08 37 64 08 56 50 32 19 74 34 42 58 12 34 15 62 05 11 10 55 12 84 45 36 69 30 09 59 44 02 59 27 14 34 11 45 83 42 64 44 51 81 77 62 26 67 35 06 77 20 61 65 15 
81 12 59 23 21 06 42 86 64 69 12 73 79 56 43 08 07 62 58 87 50 31 01 28 41 70 80 36 42 56 26 11 44 84 09 40 01 26 37 40 70 24 88 60 56 42 43 62 79 12 37 16 18 13 19 34 82 11 69 12 42 06 86 61 66 06 12 42 07 25 58 77 24 57 24 79 75 67 29 65 54 41 57 48 53 75 81 22 61 38 09 15 43 06 51 84 75 39 38 82 
39 07 70 62 63 05 29 25 47 33 66 13 73 34 36 13 20 04 10 81 41 19 71 60 24 33 55 11 47 04 68 85 74 49 35 25 29 63 49 76 07 26 64 55 59 75 43 79 78 52 71 31 70 29 66 70 61 32 56 84 12 35 80 85 59 26 21 63 64 70 26 46 71 01 12 42 51 54 08 41 82 54 71 63 82 24 20 30 55 75 25 66 85 17 39 55 18 59 06 82 
16 31 39 87 08 27 16 58 56 23 10 49 76 56 88 69 79 19 10 22 06 11 87 02 27 13 33 20 48 38 77 63 44 04 37 51 30 52 21 61 50 30 22 37 62 21 81 52 39 67 49 20 77 24 86 79 36 06 10 83 43 63 34 86 66 70 25 71 10 45 43 59 50 64 08 23 60 64 51 75 42 75 06 30 10 03 20 46 08 06 40 26 68 49 88 21 31 24 03 16 
44 45 74 05 85 57 04 32 33 30 18 74 16 24 80 02 02 75 47 74 80 62 75 35 23 74 55 29 73 57 44 04 78 05 73 50 62 52 81 06 81 11 55 72 10 46 73 75 33 07 36 88 69 23 35 67 72 01 07 33 34 26 36 87 30 20 48 67 71 16 72 39 26 15 87 11 36 47 62 44 54 09 44 10 31 54 76 15 30 58 23 63 59 58 61 64 78 84 43 36 
12 02 75 13 16 73 24 52 31 85 07 60 69 26 69 12 79 32 02 21 01 24 83 59 57 32 11 22 03 53 58 14 54 20 03 70 04 26 09 10 86 79 46 66 17 26 53 71 58 30 03 34 53 62 69 86 69 79 19 71 43 76 61 08 07 63 53 74 64 37 60 37 04 17 14 84 18 43 66 75 72 69 21 13 42 65 10 86 55 28 68 73 80 16 56 62 78 21 24 53 
33 83 01 36 75 79 31 04 09 09 55 80 53 51 68 70 27 77 67 57 81 22 41 48 38 08 21 03 04 44 56 37 14 32 48 64 86 55 44 06 39 10 62 03 60 17 72 62 06 26 30 62 23 46 21 60 53 17 63 57 37 06 69 26 13 28 02 11 82 45 80 32 30 29 10 01 46 57 38 27 82 67 88 17 24 84 52 52 12 02 84 48 07 64 74 20 68 51 06 37 
07 85 45 12 02 54 76 23 23 25 49 80 67 24 72 66 83 36 29 06 37 25 30 20 64 79 39 43 41 20 80 23 80 36 34 81 01 21 15 87 21 39 55 87 38 38 64 08 49 68 14 62 04 19 57 68 09 71 86 25 02 77 47 81 88 80 74 65 76 64 39 08 79 05 70 04 19 45 12 43 24 01 16 04 19 48 47 03 30 44 27 31 09 73 24 08 40 73 72 03 
24 23 74 14 03 55 82 21 11 05 64 10 05 55 13 87 15 59 65 44 79 03 51 87 51 74 06 66 34 54 68 57 52 29 47 54 83 40 75 05 44 26 78 24 80 67 22 70 37 86 26 03 64 76 01 26 37 71 67 70 12 22 14 63 50 60 28 44 11 78 24 54 15 13 53 71 79 50 52 04 47 53 06 86 16 71 87 28 29 65 73 40 86 87 14 23 58 17 66 69 
71 01 10 61 78 63 19 68 24 71 47 47 11 29 44 03 75 19 30 15 83 15 54 57 13 43 79 70 59 33 26 17 33 36 78 86 10 08 42 09 54 88 55 41 04 75 43 78 05 48 04 63 38 57 31 50 75 86 08 22 30 33 38 38 44 03 12 29 75 53 38 40 28 04 56 32 78 10 21 58 34 25 33 71 57 63 33 20 36 16 41 41 24 78 55 68 57 66 72 43 
30 21 58 57 01 26 64 54 35 85 24 68 85 56 51 29 06 59 48 18 50 88 58 73 54 24 28 86 65 12 40 06 08 09 39 08 34 78 62 45 74 61 88 46 04 50 51 09 84 10 02 45 74 60 06 15 59 33 12 36 20 51 17 28 35 31 35 69 21 72 25 70 20 24 28 23 50 78 08 21 63 09 42 24 44 47 38 15 55 49 26 75 75 18 14 22 49 24 66 45 
72 66 26 03 65 29 26 26 82 09 23 33 17 64 56 61 22 06 51 76 30 76 38 81 69 51 78 29 51 55 49 34 08 75 12 72 79 13 74 49 21 08 81 38 71 48 74 68 29 36 55 59 87 05 27 67 31 16 72 81 46 32 02 53 82 78 36 73 02 85 33 23 04 01 36 50 48 21 29 77 56 60 23 30 40 49 08 70 40 79 39 85 87 16 25 80 05 60 40 07 
57 48 05 36 48 40 86 72 36 26 36 67 85 58 08 12 82 79 82 33 70 08 29 44 87 53 11 04 88 51 74 32 74 78 44 10 05 41 81 40 42 28 18 15 61 25 26 54 79 83 86 36 02 02 79 01 30 02 68 05 28 53 13 13 18 56 22 86 08 78 37 49 81 30 63 53 30 65 18 20 59 79 56 61 56 46 37 61 23 16 66 50 44 78 63 37 45 60 34 28 
26 46 52 18 75 03 71 16 67 64 35 37 55 66 09 86 24 21 59 46 12 12 72 55 65 22 67 85 57 12 24 82 33 51 12 19 53 82 10 31 57 21 68 87 86 52 61 85 73 07 19 84 18 02 27 82 23 05 54 79 81 77 49 25 39 60 20 04 29 29 10 61 49 77 60 47 41 08 19 25 14 37 84 31 38 22 88 36 03 53 03 83 17 27 83 31 86 14 10 26 
43 20 86 67 08 33 01 48 40 20 48 29 56 44 59 70 41 34 81 43 62 59 37 78 85 32 85 58 21 06 83 39 01 57 18 09 65 18 32 81 13 56 21 45 11 56 02 51 65 82 06 39 29 18 04 01 25 88 59 46 70 29 84 70 61 77 54 38 07 86 06 83 29 26 39 15 57 40 65 34 10 46 48 14 40 51 14 40 27 72 85 08 77 57 53 49 45 19 62 27 
80 67 22 20 69 36 34 37 76 74 46 85 08 05 10 47 32 87 62 58 47 59 41 35 03 05 59 23 87 33 26 54 75 23 73 31 58 82 68 45 44 01 17 27 70 02 49 13 01 22 46 23 80 86 57 58 66 03 57 41 11 82 06 86 16 55 28 73 48 71 06 67 48 22 05 29 88 53 17 64 75 62 86 42 35 54 12 12 56 68 28 67 37 34 40 52 88 43 12 23 
26 17 02 49 15 06 77 14 35 05 77 21 42 74 38 76 15 49 63 46 04 03 88 16 36 15 67 35 58 79 57 59 07 34 19 85 16 71 10 50 75 86 70 28 47 83 79 37 44 53 83 23 55 82 39 66 09 81 76 42 71 45 12 54 54 30 50 69 12 36 30 62 09 75 65 56 70 55 04 01 83 62 87 50 32 13 03 16 06 79 57 52 11 68 81 64 73 19 21 60 
54 50 09 38 13 73 69 58 15 73 58 09 22 32 34 53 45 37 68 50 03 12 77 13 79 70 52 39 64 72 74 05 10 82 42 22 42 23 79 56 71 24 41 04 55 74 57 11 86 12 36 88 24 25 12 78 70 64 05 21 23 78 25 32 48 66 53 01 88 43 33 70 42 73 50 09 58 82 19 56 05 31 31 04 31 43 58 12 82 62 08 16 27 32 24 74 09 76 51 73 
07 59 30 48 43 79 32 76 48 51 19 29 57 50 08 87 68 65 74 37 14 81 52 41 24 51 02 08 39 52 80 21 22 86 44 40 52 76 28 12 14 22 40 70 71 47 68 50 88 53 86 13 45 26 53 44 76 31 51 02 82 19 86 80 16 42 07 67 05 10 54 18 32 69 63 14 04 42 40 03 70 13 15 02 14 44 45 66 74 07 43 43 25 41 10 16 58 81 83 62 
02 24 55 33 05 29 23 08 46 38 74 03 50 64 04 40 83 24 17 68 30 59 87 31 11 72 22 44 64 80 81 66 16 47 74 84 51 08 67 72 45 52 74 71 03 53 22 86 76 14 41 82 72 15 88 59 87 21 14 62 13 71 15 04 29 01 87 56 72 65 15 05 28 01 75 06 29 72 03 81 85 44 50 68 58 49 14 32 45 04 70 33 74 84 36 78 60 34 45 44 
74 60 48 77 36 10 83 40 81 85 32 77 16 81 32 50 17 46 81 38 25 62 70 10 34 82 87 05 03 44 24 77 79 71 41 02 56 35 41 48 08 73 12 87 41 44 24 34 65 17 47 01 54 28 74 63 85 72 68 64 03 03 28 81 50 68 58 17 15 11 41 86 59 52 60 75 71 84 20 23 12 42 87 41 46 72 16 42 56 59 17 34 37 44 03 62 88 60 55 78 
70 07 75 16 34 46 03 17 41 86 15 28 40 14 45 85 85 36 14 28 70 07 62 82 26 40 56 25 11 22 14 57 28 88 48 61 22 26 53 38 24 68 42 39 57 86 11 29 09 88 33 78 06 70 71 32 21 38 32 31 35 46 63 38 45 23 75 42 48 39 80 47 82 33 61 50 06 47 79 14 47 23 03 28 04 49 35 88 63 67 30 09 24 69 47 44 03 33 86 50 
47 53 73 41 61 45 66 66 04 56 55 26 54 57 53 33 81 64 32 55 42 38 64 41 82 86 84 84 30 57 21 76 85 69 04 57 26 70 34 05 37 64 30 67 32 58 75 25 09 83 55 50 08 30 02 01 27 62 60 32 30 56 20 27 37 23 59 62 68 69 42 81 44 47 59 76 80 21 76 01 15 42 50 86 48 28 62 50 01 33 82 06 01 77 08 37 75 67 74 55 
47 03 47 02 49 81 53 40 13 16 40 04 34 66 01 81 05 39 18 05 71 11 74 47 87 82 59 74 60 44 16 18 22 62 83 70 54 48 22 42 63 37 45 08 14 22 64 18 60 82 86 18 68 72 65 67 41 35 28 12 55 19 05 76 80 87 34 21 46 55 62 85 67 19 68 81 16 20 10 75 77 72 04 56 31 68 10 71 79 13 82 45 31 62 08 22 60 41 42 82 
71 16 54 50 10 33 42 25 52 27 75 16 74 78 72 16 34 81 62 24 70 31 44 12 04 51 10 40 04 51 33 50 42 86 11 27 06 52 51 34 55 37 49 40 03 32 32 36 01 05 35 70 36 78 57 39 16 66 78 19 05 86 69 46 59 55 73 65 83 11 10 49 24 34 64 26 66 07 37 42 76 71 87 23 60 55 37 75 33 03 70 37 88 26 58 59 80 18 11 74 
29 84 10 28 29 50 53 06 32 01 23 19 47 21 17 18 76 30 68 84 32 25 08 07 50 65 41 18 83 51 67 87 46 53 02 75 14 54 56 45 30 79 40 76 75 56 69 38 61 24 33 04 49 40 11 74 81 51 03 75 78 46 49 35 10 50 21 23 79 53 43 20 19 58 71 05 02 51 43 62 50 51 66 10 67 52 84 59 78 62 21 67 19 69 14 28 06 10 26 84 
38 45 79 56 14 37 61 15 63 79 53 24 17 30 34 83 57 05 53 46 66 73 25 61 29 14 88 34 87 02 05 37 22 59 04 35 07 40 26 45 06 78 69 23 83 78 17 27 82 46 72 35 30 72 07 59 61 71 68 36 72 73 72 69 43 51 79 26 67 80 70 48 69 26 70 39 15 63 65 72 20 25 19 25 72 01 83 21 71 63 56 30 23 15 10 41 41 01 66 19 
80 24 67 37 25 24 51 40 62 04 87 81 04 81 18 75 82 76 71 64 26 38 06 48 52 79 01 05 55 42 87 47 41 41 59 66 65 85 81 38 88 79 07 67 72 88 30 65 75 12 16 13 50 85 60 77 76 36 57 42 78 32 64 06 72 10 71 24 07 63 38 70 30 44 25 13 43 54 53 05 65 68 81 02 65 53 55 28 64 87 69 29 30 21 35 78 06 81 13 76 
56 50 58 85 69 82 73 87 23 37 04 87 16 84 65 56 24 31 83 64 29 40 04 35 60 14 24 41 07 36 29 38 62 62 10 42 31 82 17 53 06 84 27 85 55 03 53 79 09 47 30 14 86 09 48 33 23 71 74 05 82 14 18 31 75 27 49 17 84 65 45 01 60 71 61 26 74 25 80 58 72 21 71 69 06 30 14 28 76 87 08 46 76 25 76 62 27 12 54 86 
76 10 62 47 80 34 49 41 59 40 75 42 37 57 86 42 63 75 45 26 49 28 47 36 52 11 73 54 22 38 51 10 23 24 32 79 57 80 07 27 32 81 44 44 50 18 85 88 68 17 25 29 44 72 40 71 82 25 36 15 38 86 88 37 85 32 03 53 23 09 56 30 02 75 73 27 04 45 26 72 61 26 76 16 73 27 62 42 27 09 57 41 70 56 53 66 63 55 31 86 
63 62 27 40 48 76 66 52 32 67 11 69 69 62 60 53 88 34 07 03 42 39 19 24 70 47 65 45 13 07 18 51 44 44 03 04 07 44 31 39 87 41 19 67 78 78 07 77 87 13 55 41 27 49 40 09 07 16 53 19 87 70 46 42 01 48 21 72 67 51 22 65 67 16 19 56 69 26 21 68 14 51 84 41 12 11 49 82 02 77 77 64 34 34 82 10 57 14 81 35 
41 78 76 19 69 70 51 50 71 71 05 85 33 64 13 20 50 37 14 51 25 66 27 34 11 84 19 67 09 12 77 49 01 40 44 70 86 06 07 68 52 75 40 84 50 52 80 11 64 69 37 64 46 39 09 56 34 28 10 19 15 62 67 79 14 86 36 11 03 42 54 54 04 06 26 29 33 81 15 09 61 52 72 18 02 57 49 12 84 34 30 10 07 72 64 84 46 12 70 48 
29 36 78 33 17 79 61 49 71 76 33 19 15 17 36 16 73 60 03 44 69 08 29 75 80 04 47 37 15 04 60 44 39 25 76 31 15 24 56 85 11 88 79 25 80 26 17 64 61 83 83 41 03 23 04 58 27 26 70 17 29 41 60 44 66 23 50 56 23 17 29 09 17 19 34 72 21 26 48 57 20 18 74 86 41 77 55 43 78 36 59 82 53 07 37 06 05 63 61 27 
79 01 36 71 20 45 55 16 70 78 72 65 07 57 63 23 21 05 65 10 41 36 68 05 42 80 10 46 54 46 73 45 47 84 03 42 40 33 33 21 22 16 61 05 73 11 27 05 16 04 79 32 39 58 12 56 25 85 77 79 42 37 11 64 32 13 81 71 46 25 67 43 41 16 47 01 26 74 69 41 53 35 48 67 68 59 10 05 31 86 83 73 35 05 24 42 81 17 25 38 
41 67 57 57 82 15 57 20 64 14 36 28 48 60 70 28 06 79 32 37 77 26 21 87 06 20 40 86 36 40 12 53 83 68 85 76 82 30 71 34 43 83 37 02 54 19 05 59 09 36 71 61 37 03 35 42 23 51 16 34 66 27 62 60 06 59 24 63 88 70 08 42 40 21 19 69 39 24 40 23 35 86 60 72 01 06 25 87 32 40 08 10 42 70 45 47 40 68 86 15 
26 69 32 65 01 26 46 15 49 61 38 84 58 73 43 34 78 67 08 86 83 16 07 12 61 51 59 76 07 32 02 08 12 09 72 13 34 05 27 83 41 40 54 11 24 08 20 78 50 28 51 20 19 57 32 79 83 66 66 65 09 43 72 84 51 56 72 84 36 75 54 77 26 83 63 26 66 82 79 28 85 41 23 79 73 30 69 67 07 22 44 79 40 03 51 02 34 34 62 70 
20 27 34 22 86 08 23 63 65 13 02 62 29 01 28 13 30 09 55 13 06 74 67 46 77 29 23 22 39 84 67 58 87 12 79 84 19 13 58 84 01 36 33 29 12 60 17 41 44 72 29 26 33 08 47 21 12 69 43 50 41 21 20 15 09 74 74 27 63 19 86 39 30 06 68 41 42 60 58 61 19 86 62 52 05 20 72 17 65 02 66 81 87 61 07 07 47 56 09 85 
74 07 35 80 76 78 32 05 50 65 66 68 63 39 07 43 35 79 35 11 56 77 03 30 49 73 36 71 40 21 67 01 03 78 80 78 67 88 83 04 64 36 48 14 50 54 57 84 20 03 06 76 79 72 81 16 56 29 86 71 49 41 48 27 30 15 16 08 78 74 12 30 85 59 43 47 88 11 18 20 78 88 71 44 71 63 59 15 67 57 61 03 73 20 29 14 11 21 85 88 
06 72 29 67 18 72 01 18 58 18 37 23 17 19 67 88 81 37 78 36 69 50 38 53 46 67 66 56 87 39 31 68 22 36 46 40 83 46 57 52 64 69 51 56 87 29 55 55 41 20 02 22 46 40 74 03 82 28 34 80 42 64 59 63 75 81 14 69 38 46 33 77 26 83 45 88 87 75 55 39 07 32 60 52 71 22 30 64 25 63 31 66 14 02 16 01 82 06 69 07 
51 77 84 77 47 16 76 45 02 18 84 72 50 31 11 08 28 40 48 52 78 54 05 04 31 21 68 88 26 24 07 52 13 66 40 35 81 04 80 58 85 51 42 22 57 52 06 85 68 29 24 57 82 29 60 01 25 15 88 26 39 70 77 51 47 05 85 15 08 52 73 68 78 02 66 47 53 71 19 32 75 42 01 44 46 36 44 70 27 44 07 65 25 84 03 48 88 63 62 71 
27 46 26 80 47 03 38 76 49 56 83 35 10 59 79 31 71 34 13 09 53 83 73 78 54 51 37 53 25 74 11 27 32 37 19 54 39 56 17 88 88 12 10 73 70 88 15 52 10 03 36 62 86 20 51 51 70 63 80 71 49 02 09 56 14 27 85 29 59 14 04 34 25 13 18 70 13 08 10 22 11 45 83 72 41 22 34 86 60 01 68 84 03 77 51 80 79 48 20 25 
61 23 58 61 36 75 18 24 83 27 45 69 48 15 52 88 12 61 61 48 62 41 43 64 05 70 31 59 29 51 84 65 73 53 13 84 16 30 19 74 57 39 54 80 30 81 79 17 53 51 64 26 67 19 65 47 64 08 18 04 34 13 44 18 41 56 14 32 85 08 17 29 47 46 20 52 14 74 68 67 13 44 68 79 38 45 38 13 28 31 80 61 19 35 78 59 66 67 67 62 
51 59 03 73 81 86 36 06 72 15 72 84 34 52 74 71 72 87 59 11 29 26 71 47 36 36 82 13 79 60 75 17 06 53 01 86 50 36 04 09 50 75 04 84 14 54 42 61 28 77 71 33 14 29 55 26 41 48 38 07 83 24 23 65 52 23 62 78 58 65 86 83 28 66 54 17 07 72 78 34 60 36 66 49 65 33 74 17 56 88 23 27 87 45 03 51 43 64 16 12 
17 77 70 44 54 36 36 60 19 25 70 54 61 23 78 37 31 40 29 63 39 27 01 37 47 67 63 01 18 78 76 34 67 57 53 32 68 01 68 62 01 25 27 61 47 81 73 54 32 77 28 46 15 04 82 37 70 57 13 63 22 64 73 88 33 13 08 76 13 51 50 78 75 52 50 09 44 11 62 51 87 01 08 78 04 66 02 49 10 15 24 31 78 08 07 86 20 14 50 09 
64 11 86 26 62 23 34 82 33 08 20 08 72 28 85 76 69 86 36 78 76 35 84 42 18 02 39 14 15 88 86 54 74 59 79 24 81 25 17 02 08 36 09 79 39 69 42 19 42 54 72 30 88 68 47 82 69 85 07 60 61 04 25 46 62 16 45 30 16 61 31 87 73 15 53 87 83 07 18 13 60 65 18 35 44 64 28 01 36 34 60 08 13 84 30 74 75 74 16 66 
23 22 64 71 37 29 69 07 11 62 83 46 39 12 80 58 75 84 58 23 05 05 06 18 01 11 03 51 85 82 29 83 80 68 65 28 72 21 10 58 83 05 15 09 80 71 66 67 66 12 65 70 16 70 87 80 57 66 43 53 35 47 23 26 02 63 29 50 83 15 19 53 83 34 61 74 16 15 28 57 26 04 38 41 50 13 33 18 54 51 46 64 73 44 66 74 18 06 35 76 
84 30 41 78 63 13 40 54 03 67 22 28 47 35 45 08 23 53 01 76 15 22 52 63 65 29 24 58 10 35 45 06 64 85 59 38 74 10 67 76 77 88 80 35 10 36 18 33 88 82 20 78 15 47 28 79 51 51 48 37 85 68 18 60 65 76 73 26 62 51 77 26 26 68 36 36 15 53 68 78 22 63 43 36 22 70 02 48 09 49 84 05 28 13 41 68 65 01 05 38 
28 82 63 53 37 74 88 28 38 43 17 35 18 36 70 15 81 71 38 01 07 34 70 10 46 22 78 22 22 58 35 49 27 73 78 64 58 53 03 71 08 83 17 01 06 86 79 87 68 28 87 50 37 68 60 59 65 49 56 63 82 03 87 21 75 76 60 45 17 38 27 24 32 44 88 14 17 54 12 85 57 74 22 06 30 81 64 06 17 31 44 11 33 43 07 84 30 42 40 46 
79 42 45 86 85 20 11 14 49 86 74 18 72 07 23 13 64 86 82 80 04 38 66 13 80 48 08 85 01 23 19 79 64 39 77 37 59 63 26 83 61 11 12 44 81 34 32 56 07 25 24 75 62 65 87 29 25 70 26 25 04 44 80 67 58 44 79 04 18 16 87 78 02 10 09 83 20 40 26 02 65 25 76 14 02 50 43 26 31 44 26 34 87 17 77 32 60 67 36 78 
83 34 43 84 43 52 54 38 67 56 40 43 80 27 33 81 53 75 82 83 30 20 05 04 12 81 35 72 35 46 37 05 79 55 65 10 82 06 23 61 61 62 79 53 65 23 21 29 73 79 87 78 10 03 57 85 83 68 44 06 25 80 10 80 23 50 65 16 56 87 76 28 61 67 56 13 65 77 17 26 67 15 15 52 18 72 48 12 51 04 81 75 59 03 42 81 28 18 73 83 
17 60 23 53 14 54 65 55 18 81 80 60 07 06 87 24 53 47 12 15 26 04 66 60 70 19 29 10 37 13 68 29 48 66 81 38 32 57 04 49 25 59 85 31 64 83 31 05 17 42 19 18 21 60 78 67 55 82 52 67 70 31 07 05 09 87 18 16 31 21 40 55 55 36 85 07 31 27 11 47 44 05 65 65 65 30 19 31 87 70 09 68 76 79 48 84 77 66 75 19 
62 27 49 29 38 45 35 68 48 45 03 67 49 43 19 01 72 37 31 70 18 15 25 06 05 72 65 57 49 28 51 23 30 11 27 67 32 61 23 55 81 25 33 17 43 52 18 26 64 24 71 82 15 71 63 83 30 15 52 79 18 78 77 47 65 15 02 72 51 24 38 43 24 46 35 66 09 52 67 49 52 25 42 66 07 80 36 12 70 63 02 88 53 54 22 29 44 23 12 06 
22 25 24 45 70 59 86 55 86 40 15 25 64 32 66 46 87 14 58 44 76 35 43 16 65 41 20 20 63 31 02 61 31 01 17 13 35 79 43 33 30 57 33 70 64 11 03 62 88 60 17 51 71 36 67 47 52 86 42 26 05 43 62 35 44 79 23 78 45 65 86 50 09 31 31 72 17 34 21 80 69 14 42 51 49 84 73 12 82 27 13 62 45 75 08 88 41 07 54 61 
71 51 22 56 57 53 39 49 62 36 40 42 49 58 69 73 53 29 60 22 31 48 83 76 34 67 75 50 73 16 22 55 43 20 86 75 72 37 36 21 48 51 62 08 20 18 56 49 23 27 70 53 74 65 40 84 43 03 45 27 18 43 57 60 62 31 47 21 67 58 41 02 20 78 09 16 72 64 40 06 66 21 58 51 85 10 46 15 12 67 17 05 85 50 65 58 80 87 54 34 
56 06 35 51 59 19 42 42 58 81 47 35 14 17 85 74 02 19 65 13 85 81 17 81 18 57 26 09 55 55 42 86 36 52 49 06 70 02 48 15 59 70 49 72 62 22 33 63 16 09 51 76 66 44 44 83 12 69 04 43 11 21 40 46 49 64 51 06 42 74 21 12 56 45 59 29 42 67 68 57 76 30 20 29 49 63 23 61 19 02 79 29 87 06 74 47 70 37 28 87 
86 24 74 53 69 44 58 86 22 37 31 73 42 50 13 03 25 12 39 43 13 29 72 75 34 33 33 79 45 37 53 43 60 38 71 16 57 40 14 79 52 44 39 06 69 28 08 05 39 46 24 51 50 07 38 59 15 46 26 60 58 78 78 30 28 60 45 84 12 34 50 63 53 65 44 34 04 51 14 18 72 37 68 09 19 81 68 34 15 05 69 72 58 58 77 61 29 10 33 40 
19 58 79 72 34 34 81 13 61 06 30 20 43 74 29 61 42 08 70 32 76 50 16 21 19 68 82 48 53 02 63 72 59 29 31 69 63 23 81 11 04 87 30 22 72 58 59 01 41 40 33 04 66 24 01 84 03 58 19 56 59 58 39 29 86 69 73 36 67 66 22 70 40 52 04 23 85 62 23 14 77 31 81 54 54 81 26 57 50 44 88 84 77 14 01 75 58 73 86 36 
50 20 81 01 47 60 87 19 33 86 32 86 28 01 51 82 57 76 26 83 08 01 78 84 14 78 46 71 63 44 82 88 39 74 65 85 46 39 15 54 36 23 51 40 23 78 09 79 41 10 49 48 10 39 44 23 28 01 05 66 20 62 66 34 47 42 30 68 80 21 10 04 19 60 19 17 25 27 71 66 36 32 25 45 70 44 43 73 21 23 51 16 84 04 50 18 21 79 86 76 
75 07 79 69 42 09 85 67 11 68 20 22 11 20 42 56 64 84 40 60 18 66 75 77 69 36 07 01 03 68 77 53 74 43 34 03 28 30 45 38 09 64 36 83 84 77 26 35 73 66 06 66 19 80 31 64 04 37 64 06 16 28 58 65 47 03 43 74 09 88 87 81 63 34 76 34 23 77 68 71 54 49 24 49 41 54 24 20 66 63 25 57 03 58 09 49 37 52 10 45 
51 08 13 01 42 64 35 40 53 78 86 82 39 21 42 55 51 65 74 04 16 74 61 18 43 45 42 55 08 27 75 58 34 88 35 51 63 45 66 27 34 63 21 48 60 62 14 22 15 63 01 30 48 61 23 67 18 40 09 01 66 84 35 75 83 69 14 33 25 55 60 34 30 56 82 65 05 71 62 19 46 62 24 69 11 22 23 28 37 32 04 14 03 38 65 61 18 54 05 18 
20 40 52 25 07 21 01 12 03 62 06 48 36 06 05 22 27 27 49 40 58 52 29 60 66 05 32 59 58 13 77 54 52 16 78 59 36 79 46 38 28 27 62 39 32 66 60 35 04 84 74 38 48 14 09 01 83 17 59 28 29 47 81 56 62 71 26 73 37 47 23 64 74 84 15 81 61 74 03 40 70 52 77 05 66 62 05 36 54 39 63 82 86 32 25 35 14 27 20 50 
73 18 01 34 13 15 27 49 65 05 64 22 57 53 02 10 02 70 45 55 20 83 24 81 26 48 28 15 74 23 40 59 40 41 68 28 31 70 52 07 75 27 04 43 55 05 52 56 74 72 22 70 66 45 62 68 05 65 82 54 87 34 88 14 74 68 17 80 49 68 63 35 71 66 53 37 47 80 05 32 63 02 13 17 47 51 84 27 27 53 80 02 86 80 15 47 35 08 39 83 
51 13 06 33 54 58 46 12 26 26 20 88 27 08 80 49 58 75 51 85 40 19 86 13 74 76 60 20 83 74 14 46 62 83 54 27 29 11 15 54 36 34 53 39 41 21 63 11 71 26 71 22 44 44 11 29 31 46 24 26 07 13 47 68 08 12 70 36 23 84 01 34 29 29 72 46 49 47 32 08 48 78 29 03 33 15 07 63 60 30 64 66 42 86 21 25 10 03 60 08 
62 36 41 67 41 01 24 65 23 31 72 70 20 77 48 52 03 30 02 39 59 42 80 76 39 13 13 48 79 48 31 52 60 72 30 12 48 29 76 70 59 60 27 54 48 74 17 26 15 83 64 49 36 56 12 74 44 88 10 34 24 40 61 83 87 67 06 46 07 57 03 42 28 05 71 51 54 64 77 44 58 28 04 69 59 80 54 14 79 39 23 78 79 60 72 53 38 77 75 20 
22 77 37 49 58 20 12 23 83 64 67 28 03 46 08 38 37 61 51 04 76 50 81 66 21 41 30 34 05 16 53 26 69 66 75 38 85 62 36 55 13 14 82 79 60 01 28 72 37 55 51 24 16 44 65 12 84 71 21 88 62 49 26 18 26 76 31 22 25 67 52 37 80 45 27 27 21 31 11 34 85 61 33 76 80 74 87 51 32 83 27 05 43 28 87 69 15 29 66 15 
07 30 51 63 50 53 65 47 83 51 56 79 24 88 66 79 49 40 42 80 34 44 61 53 71 59 33 61 87 74 75 70 79 13 20 41 41 84 63 36 47 30 02 46 05 44 36 30 59 53 21 05 08 81 57 54 51 65 26 26 50 76 71 41 88 02 57 41 85 07 52 19 12 53 64 16 72 76 45 43 16 42 23 88 34 55 53 61 07 55 86 56 42 68 72 18 45 16 58 17 
22 85 36 33 25 75 25 09 38 45 27 30 62 49 29 72 79 57 44 85 23 17 28 41 60 12 58 16 03 03 32 01 63 43 09 87 06 09 71 43 54 09 72 03 33 76 74 23 45 29 83 43 45 23 83 80 10 28 07 76 06 15 76 68 57 85 67 62 05 25 81 34 34 64 37 42 52 22 41 72 27 35 26 47 33 85 39 18 24 45 06 30 35 81 73 04 77 27 41 58 
52 33 03 61 09 15 14 36 13 54 19 39 65 44 85 09 40 11 27 40 56 32 45 02 88 29 69 53 56 22 22 83 30 88 55 14 15 68 49 03 10 43 41 74 87 13 82 14 24 84 29 55 27 73 32 27 78 13 79 21 10 76 15 39 75 45 53 65 24 77 67 33 32 83 18 06 08 76 83 07 71 24 61 74 72 04 76 37 80 42 57 01 29 47 16 79 03 44 32 03 
08 10 35 39 69 29 20 52 80 15 58 38 14 30 23 61 09 74 10 01 27 42 65 55 01 80 22 67 11 53 69 19 38 80 33 18 84 53 69 75 43 14 24 32 19 23 04 28 08 77 28 35 31 04 65 07 60 62 73 70 26 30 88 64 21 09 57 16 61 14 02 79 03 01 22 22 23 01 49 07 78 52 41 84 55 81 02 02 55 50 48 56 79 23 31 11 31 64 02 03 
53 67 57 55 68 78 76 66 79 36 72 44 63 88 39 30 81 16 07 23 65 54 78 56 77 85 66 83 60 68 86 88 46 30 54 01 20 18 67 74 53 26 05 28 26 43 33 82 58 15 16 34 69 05 65 33 01 43 27 36 86 88 35 19 30 65 84 25 82 62 74 22 63 78 25 88 08 33 57 41 48 72 50 04 53 27 12 29 45 14 41 18 78 51 36 83 27 31 19 84 
68 68 18 19 57 42 18 40 51 51 80 10 34 17 77 62 43 88 03 63 77 43 80 66 05 28 60 08 34 54 03 78 33 20 08 65 38 01 16 88 51 71 73 61 88 37 34 18 12 36 81 88 54 72 42 35 75 13 42 21 67 44 74 75 64 81 52 77 81 67 52 20 26 12 80 25 48 25 18 59 37 10 34 02 58 75 36 44 88 77 40 42 09 25 04 48 17 55 36 74 
10 63 05 35 74 84 35 33 84 52 67 32 62 12 10 31 87 21 50 62 74 02 15 82 02 82 41 19 49 52 68 34 26 72 68 11 43 78 19 38 41 85 46 78 08 55 84 06 51 22 43 36 23 57 29 24 27 45 18 75 72 61 20 09 20 63 83 62 52 13 76 68 09 09 34 81 63 29 62 01 50 17 37 48 49 41 48 75 62 41 61 45 14 56 30 09 30 24 47 57 
13 34 37 85 18 70 53 80 74 27 56 12 43 04 59 03 45 82 78 82 35 26 38 24 82 43 32 87 43 54 32 55 63 44 27 80 01 80 71 74 18 15 85 36 18 32 38 38 01 03 31 11 29 45 34 86 87 42 60 41 07 03 71 46 46 74 37 46 65 84 08 58 10 68 05 27 75 18 41 76 21 71 86 25 03 08 86 02 25 57 18 31 36 01 52 81 74 01 15 26 
84 22 83 05 65 63 31 52 80 71 39 76 30 36 12 32 43 73 09 67 42 27 74 77 03 13 45 52 13 35 77 08 56 47 12 33 21 19 60 76 65 10 64 06 21 51 14 40 36 86 82 53 24 43 17 02 56 61 53 68 08 17 76 39 63 63 47 59 81 18 47 58 03 86 39 24 48 28 63 59 26 56 23 25 75 39 27 42 76 55 21 83 72 72 09 46 47 32 17 15 
25 39 48 28 36 87 51 83 02 01 54 03 32 52 28 18 03 30 59 78 84 56 48 67 39 32 25 61 63 17 76 64 55 35 03 66 09 29 60 11 05 01 13 36 29 16 30 31 21 64 84 17 31 19 83 46 26 83 18 01 75 05 40 17 16 42 82 24 46 30 34 50 06 23 61 34 14 66 40 35 42 11 27 48 29 85 69 55 56 87 31 42 67 70 59 82 87 28 18 44 
