100 100 100
43 91 41 12 71 14 02 98 14 17 35 92 31 08 04 56 78 70 89 97 65 57 72 77 89 67 47 11 82 18 58 24 61 98 87 83 63 88 33 77 56 67 20 86 74 23 93 03 44 33 99 60 89 70 36 77 88 35 39 69 04 96 44 16 46 30 99 60 70 83 88 77 49 07 15 75 30 59 77 25 92 28 85 80 49 20 09 37 06 47 57 10 95 01 25 40 82 23 51 03 
05 39 32 06 45 98 32 26 56 60 51 47 87 35 79 36 06 87 24 12 85 80 21 79 80 97 70 14 72 73 68 76 11 99 33 55 96 64 33 52 76 83 50 62 69 80 49 74 18 72 37 03 52 57 33 83 06 55 96 77 27 16 04 37 14 37 43 62 52 27 65 27 09 14 41 29 46 89 55 63 61 91 17 12 100 50 46 05 56 94 81 34 09 84 22 22 72 64 83 24 
91 47 02 51 13 42 32 58 83 86 72 43 28 89 06 27 38 03 83 45 96 63 78 04 99 99 78 70 14 12 45 56 11 99 07 23 92 90 32 74 75 03 68 02 91 25 81 80 28 63 24 23 78 53 79 28 51 08 49 17 19 46 72 29 44 30 03 87 19 34 13 45 37 80 99 79 57 79 59 84 93 34 58 22 87 88 49 89 95 50 05 14 95 77 42 90 58 45 76 77 
30 88 73 18 20 71 97 28 01 55 11 94 40 20 67 26 08 68 67 02 17 71 67 11 99 09 100 09 05 27 85 86 67 09 04 38 80 100 65 80 06 27 25 45 46 44 23 05 11 89 07 27 11 73 89 62 33 88 70 89 66 06 75 32 14 30 21 93 29 85 25 86 63 01 30 09 44 04 13 54 44 71 32 55 44 20 68 28 59 37 17 77 42 43 08 07 72 81 52 52 
65 76 37 28 28 18 88 24 22 52 29 17 23 61 71 18 32 90 45 91 26 13 67 19 55 26 26 78 58 77 29 23 04 65 02 83 35 41 06 08 92 35 24 66 47 47 83 78 36 80 20 62 92 38 32 99 16 09 76 73 85 05 95 40 21 48 75 55 88 80 62 32 66 38 97 12 84 80 90 19 11 09 32 02 47 64 52 62 72 28 34 09 84 81 100 56 80 74 63 20 
06 76 51 71 13 47 83 96 78 24 15 88 84 98 42 30 61 45 43 33 72 29 93 07 09 92 63 40 18 25 59 23 100 09 45 65 08 79 60 85 02 26 25 38 24 18 67 36 62 62 20 86 90 12 44 50 56 06 89 73 82 48 47 34 08 91 98 15 22 09 52 75 87 28 12 62 97 31 97 58 92 17 95 33 28 39 82 35 96 22 07 30 69 53 63 77 96 12 43 17 
72 94 43 58 21 55 19 17 85 68 27 28 84 73 60 63 63 41 98 59 62 56 88 83 09 02 11 56 65 53 24 36 47 66 46 19 20 64 88 56 83 14 83 66 38 42 81 01 34 30 59 96 85 98 30 45 99 40 100 63 92 75 50 38 41 95 09 12 11 96 68 93 09 02 11 98 44 91 98 29 20 56 24 56 05 53 01 03 44 100 17 36 27 67 25 67 13 33 30 23 
28 97 16 88 51 78 86 46 68 83 74 39 91 50 94 95 54 46 50 98 98 18 33 24 84 57 90 97 42 19 71 21 68 86 09 18 63 46 15 82 80 88 72 22 89 18 17 43 63 18 40 60 35 24 83 71 32 24 19 73 43 89 94 62 75 54 31 89 51 45 23 30 84 46 52 73 63 20 67 78 37 06 89 23 81 72 93 12 47 11 37 41 100 82 02 26 35 84 66 85 
80 40 66 64 86 69 88 100 88 54 29 76 11 18 99 91 41 43 54 87 54 90 28 05 71 81 82 57 65 99 93 96 39 59 59 76 27 98 27 67 51 56 42 13 73 92 55 65 87 09 51 92 50 30 96 21 63 29 29 27 27 22 22 65 32 33 92 10 30 19 28 33 74 22 45 98 65 100 62 51 60 12 42 09 94 89 81 56 17 10 34 44 83 07 60 66 39 52 27 21 
70 55 05 95 28 01 92 92 52 53 43 11 16 84 20 09 73 52 64 89 13 97 84 47 56 44 12 94 47 91 66 68 97 70 62 24 71 53 15 22 57 57 85 72 41 56 33 65 07 48 53 20 97 89 66 52 84 30 45 30 72 63 97 68 84 10 91 54 62 05 28 70 14 12 93 06 67 25 70 25 73 74 44 69 62 62 20 97 43 16 26 14 78 74 81 62 83 23 67 96 
79 46 65 92 09 58 97 27 82 18 52 06 44 47 74 57 60 45 54 02 61 79 15 90 05 47 03 87 69 22 83 48 67 99 91 28 56 40 54 90 57 57 47 52 04 21 09 63 65 62 17 77 92 31 67 48 30 69 35 98 90 69 97 09 67 88 36 75 27 41 16 35 98 62 87 01 34 47 15 99 08 31 27 51 14 93 51 43 14 85 92 55 05 89 63 71 76 50 97 54 
91 64 88 88 26 26 40 59 72 06 09 31 89 36 34 02 80 84 96 93 68 87 48 72 27 62 94 02 12 91 07 54 54 95 93 31 20 84 42 92 89 02 74 77 89 07 30 69 90 25 13 57 64 12 80 90 74 74 44 37 16 50 42 21 96 86 04 68 69 97 11 57 98 84 86 39 91 67 59 80 92 71 89 07 35 68 96 60 93 91 48 60 93 89 33 40 74 36 07 94 
32 69 50 81 53 87 19 95 54 77 26 97 100 14 03 34 34 50 93 26 93 40 38 85 80 70 24 05 05 83 98 88 51 99 68 55 86 39 01 91 67 27 87 66 40 41 99 73 42 43 51 34 34 88 70 13 09 46 17 13 28 14 52 30 13 71 37 50 09 37 92 76 15 78 93 55 70 92 79 11 86 81 97 20 20 66 84 28 11 53 92 90 66 43 20 30 14 08 31 74 
44 22 49 59 51 42 65 20 85 95 83 22 76 79 93 47 96 77 75 07 29 66 96 46 09 67 28 74 74 58 47 70 32 48 80 82 41 44 54 77 90 88 98 17 18 91 64 13 19 38 19 47 55 67 44 63 33 71 88 07 81 87 28 12 34 07 45 26 02 50 02 91 89 51 08 06 93 23 19 63 60 89 09 14 55 05 29 88 75 68 46 55 54 25 18 87 31 15 64 32 
16 17 74 05 68 33 10 12 55 80 75 14 69 35 80 23 39 60 62 66 27 59 72 81 83 90 19 65 56 83 48 23 99 22 27 18 06 89 82 61 68 08 26 88 42 05 11 33 16 24 98 43 83 69 75 17 10 93 82 65 27 29 88 78 02 66 47 08 54 28 68 74 35 45 61 29 02 23 61 17 47 58 11 81 26 85 97 36 30 30 52 56 59 91 85 12 57 32 19 62 
59 38 35 46 83 48 74 84 70 34 52 68 91 63 48 68 99 45 55 28 26 07 36 84 97 20 48 05 03 18 67 62 56 53 59 90 52 32 25 22 17 76 89 59 38 89 26 37 85 81 16 10 39 51 46 87 23 93 92 25 10 10 86 17 14 96 06 66 27 30 39 43 06 79 01 95 67 79 83 51 11 99 13 49 49 58 35 71 50 78 96 11 87 33 28 53 29 85 70 07 
15 08 02 72 86 54 18 05 32 01 07 42 99 19 42 47 76 77 70 77 06 17 88 45 01 67 97 81 51 66 88 65 25 41 88 10 94 06 66 26 06 73 19 56 91 61 02 19 89 23 95 94 39 34 90 92 100 86 72 51 03 59 67 27 99 55 89 45 12 54 70 69 26 40 24 69 52 77 87 92 100 81 86 90 15 27 81 66 13 53 16 67 63 35 94 14 41 34 58 52 
87 79 20 65 70 43 33 22 19 19 13 70 51 50 60 17 77 92 83 41 96 50 07 59 84 52 72 24 85 81 75 24 59 46 88 80 40 72 01 11 42 66 80 92 15 91 61 43 83 43 83 78 44 42 88 28 45 59 03 82 91 78 57 01 75 44 81 15 67 81 25 08 98 56 51 13 47 11 07 29 05 90 58 49 83 46 76 79 56 78 60 47 07 16 47 34 11 79 100 77 
12 24 36 09 31 87 21 77 49 28 05 54 69 15 02 03 60 29 81 15 58 41 61 17 08 60 50 71 38 49 47 49 24 35 58 54 21 30 31 21 09 87 74 29 01 75 31 60 55 12 27 13 04 87 81 63 98 30 33 36 30 32 36 05 66 45 58 38 75 40 58 35 79 32 64 31 58 94 43 65 57 69 29 12 07 09 75 05 90 07 92 19 38 27 23 55 72 32 92 98 
24 02 32 02 33 95 32 42 41 74 06 97 94 34 09 01 42 35 05 31 93 96 01 83 74 75 37 97 07 81 94 30 82 78 83 66 24 14 07 64 40 13 13 85 98 73 85 92 07 41 74 99 36 75 81 62 01 70 58 07 50 04 88 31 81 70 96 56 36 54 20 27 18 84 11 16 56 48 07 62 88 32 12 76 58 93 37 59 14 46 17 63 49 05 93 81 26 40 37 61 
93 08 39 11 91 50 78 98 97 36 59 36 67 22 11 25 66 99 83 79 45 99 41 93 55 85 26 81 24 62 93 69 21 32 31 11 33 08 08 81 43 18 16 09 91 79 85 57 77 19 35 21 18 28 66 24 12 91 04 88 04 49 08 24 80 38 34 64 45 93 44 87 62 59 47 52 37 32 60 66 50 95 86 19 22 03 43 85 93 98 72 96 98 79 71 77 16 56 40 12 
48 35 98 61 46 97 65 34 28 24 99 29 18 85 48 91 39 42 76 32 91 99 79 89 30 50 65 97 05 57 09 05 43 58 65 88 54 29 22 33 05 20 62 22 56 09 65 95 02 92 78 92 90 56 80 71 57 97 68 62 05 28 18 47 37 82 87 91 63 08 75 67 79 36 40 87 96 04 33 97 95 62 89 37 69 68 07 26 16 26 39 20 05 56 19 42 89 05 84 51 
64 58 69 94 94 61 80 89 16 64 38 63 25 26 51 94 45 57 19 61 35 57 32 39 64 50 80 52 06 15 55 69 73 75 63 66 35 94 06 51 58 43 65 34 20 15 27 65 23 97 77 57 05 60 48 68 62 79 72 67 94 26 88 66 100 50 83 87 95 88 89 04 83 53 38 02 67 16 18 89 65 94 98 21 54 97 41 15 75 12 33 20 89 20 37 88 21 19 74 16 
59 14 71 41 66 08 42 84 76 60 73 92 05 22 12 10 18 52 76 44 63 09 16 51 28 52 91 01 71 16 16 29 30 86 21 47 46 14 31 73 73 55 64 30 76 75 39 45 79 15 40 93 75 55 96 54 07 38 54 29 53 69 57 34 07 29 81 04 42 11 76 67 65 91 96 92 17 86 88 95 100 27 88 26 34 35 80 40 72 33 68 24 54 76 10 60 04 42 15 97 
52 90 63 68 32 10 11 48 96 98 43 47 76 82 73 09 68 52 100 39 36 67 14 89 94 23 100 49 64 14 46 67 55 08 86 86 18 48 34 13 97 28 11 73 61 83 33 28 86 33 18 22 99 31 10 45 06 62 93 21 75 38 40 30 98 77 15 15 25 100 79 21 79 41 45 39 24 78 18 61 10 35 82 60 18 44 04 75 05 97 95 31 86 86 60 83 63 27 49 87 
78 27 59 57 68 04 47 43 81 65 03 90 51 37 01 68 32 05 94 88 53 89 18 38 74 30 21 36 08 69 74 85 48 33 41 67 36 88 61 68 04 15 09 54 51 09 74 34 65 67 21 17 07 91 55 81 20 27 68 27 95 94 11 94 78 04 12 13 91 72 32 94 87 40 99 89 48 72 23 13 91 95 81 97 85 35 29 56 61 49 34 08 42 45 53 19 100 65 83 42 
88 14 87 74 53 85 15 52 09 89 16 99 83 97 47 20 83 76 27 44 24 61 03 65 57 07 35 56 71 17 97 59 82 83 84 86 19 50 37 27 38 05 77 73 01 24 44 83 51 70 78 74 30 32 90 86 39 24 41 61 92 89 71 73 23 55 10 94 56 46 72 94 02 49 18 02 24 61 37 74 30 14 47 60 98 88 45 36 11 38 96 54 78 67 78 53 73 87 46 28 
84 17 73 86 65 90 39 40 50 75 13 80 41 11 39 38 98 35 73 60 24 20 13 54 86 90 06 10 28 51 38 12 67 62 49 32 52 87 71 01 14 36 32 54 46 22 43 96 57 67 55 32 86 68 85 24 09 90 33 37 40 22 100 07 84 48 90 35 34 12 87 47 99 19 52 97 40 94 92 48 60 46 32 46 65 16 21 74 58 53 62 49 27 61 07 62 08 48 48 93 
60 34 92 10 04 43 06 96 37 97 95 48 43 26 45 59 94 65 32 51 70 45 99 96 05 06 09 64 53 56 09 64 89 100 26 45 42 31 40 30 28 34 30 22 12 74 80 05 39 64 55 60 08 05 07 65 10 15 80 15 70 88 30 10 87 55 54 81 38 45 10 17 31 91 38 42 65 69 46 55 84 52 14 44 56 72 08 18 86 87 84 07 75 13 16 13 20 22 93 57 
66 55 73 96 45 62 89 61 30 34 15 66 85 80 09 93 51 68 10 88 54 93 94 80 05 10 45 76 31 89 32 48 43 56 96 40 17 84 100 99 70 67 64 06 98 24 98 01 91 07 88 96 51 34 76 08 43 72 83 25 60 67 24 03 22 19 94 39 55 45 89 76 63 52 81 61 75 31 13 17 37 100 12 40 33 87 47 27 58 81 03 70 47 27 72 69 97 17 59 03 
61 47 78 76 50 59 36 24 89 48 40 77 99 03 16 84 90 14 62 99 95 65 20 41 43 43 61 39 59 19 42 72 65 19 47 14 29 34 89 69 33 80 46 83 83 13 66 24 79 28 74 73 92 94 65 34 36 26 24 47 44 17 18 61 88 16 26 16 49 67 85 33 46 82 15 80 46 81 55 24 60 29 96 51 74 61 36 61 38 11 07 33 28 76 93 15 91 71 82 91 
37 18 23 34 99 90 14 45 70 68 68 81 48 16 31 21 28 18 34 65 80 40 97 59 16 42 25 58 12 07 49 48 76 23 81 75 12 46 71 33 14 90 13 13 57 95 86 84 64 19 48 44 58 97 54 25 38 79 83 49 37 83 48 12 05 80 86 69 26 08 53 91 50 18 03 06 12 88 90 28 06 89 23 64 85 76 40 74 54 22 74 42 04 73 54 61 53 91 81 78 
99 33 20 48 50 22 53 14 10 94 41 67 83 15 82 19 90 22 45 96 95 18 37 99 43 90 11 95 33 91 24 31 75 43 30 25 16 34 90 25 28 82 44 62 96 25 32 37 98 28 32 93 98 21 43 40 10 53 34 42 43 09 24 69 51 05 45 66 39 34 43 18 15 38 31 62 62 14 99 12 42 82 04 39 02 46 78 64 50 63 57 44 23 81 12 73 37 57 90 75 
90 84 44 57 21 74 70 35 88 68 46 81 50 01 19 51 98 48 14 47 62 23 90 84 03 01 08 39 09 49 66 51 33 09 07 53 35 76 39 74 96 36 54 97 36 24 99 33 71 65 31 84 87 20 19 89 73 26 79 81 74 96 31 06 05 89 11 91 17 01 64 12 37 17 60 24 40 58 57 62 22 39 97 08 11 15 48 83 92 79 15 65 74 98 23 30 86 85 20 54 
85 35 17 73 51 76 97 42 34 05 55 07 43 03 15 53 17 14 87 08 92 02 25 18 99 99 47 36 83 19 90 19 53 06 92 56 82 88 97 67 92 04 73 34 06 39 39 75 53 25 34 44 26 58 61 76 56 60 12 90 78 53 09 82 58 52 37 91 39 86 09 82 89 82 15 46 20 53 72 24 30 06 20 55 15 32 31 23 91 94 12 20 46 72 02 55 23 38 98 13 
23 06 94 63 39 61 61 11 65 32 34 94 89 53 49 04 85 31 26 27 76 89 47 73 61 48 27 35 37 76 100 12 82 93 74 72 53 86 82 18 70 16 11 58 20 11 13 04 93 38 83 68 79 29 40 91 76 19 25 64 46 24 75 79 69 01 51 73 86 32 90 55 99 53 65 71 15 77 26 08 15 08 27 45 36 19 35 63 37 59 27 34 35 01 13 55 01 63 27 39 
46 69 93 97 21 09 67 87 86 92 94 52 100 21 96 87 39 30 50 27 40 76 60 26 28 24 80 29 38 07 67 84 27 11 32 99 72 98 85 57 41 31 60 40 03 55 27 93 36 28 19 27 03 30 53 30 06 84 10 43 42 28 78 68 91 09 66 62 06 03 70 47 33 29 38 35 35 16 27 22 43 97 48 97 78 52 79 83 36 88 78 77 68 55 97 58 64 14 71 21 
16 40 19 100 20 57 34 54 24 12 75 67 60 22 15 90 74 93 24 61 33 01 89 100 56 85 09 71 99 79 91 66 70 62 66 89 18 51 94 93 63 68 59 74 41 26 63 66 18 87 26 50 87 67 01 94 51 09 16 01 39 59 19 60 20 84 100 37 34 93 81 48 60 92 74 53 17 36 18 34 22 96 36 61 62 36 06 64 97 74 65 87 32 83 47 51 18 46 39 03 
91 19 03 50 10 76 02 26 63 72 12 37 67 47 97 28 34 54 91 30 27 07 69 58 41 67 60 10 12 98 65 54 17 67 04 26 94 57 04 56 80 15 92 46 13 40 25 46 94 68 76 72 26 44 82 19 10 41 28 73 39 92 79 07 10 34 84 03 42 87 59 22 53 50 19 65 90 96 63 35 63 90 06 40 33 39 58 94 80 38 18 70 81 48 28 91 81 11 45 23 
50 03 44 54 05 62 71 94 57 33 80 71 22 37 63 06 76 72 51 07 09 20 28 42 68 55 84 48 17 28 70 66 31 13 72 35 27 42 80 35 74 59 58 95 47 72 52 22 43 02 80 04 21 07 45 40 13 28 88 30 07 57 47 37 22 18 23 100 59 54 86 84 64 95 78 11 66 81 84 61 82 64 64 55 22 60 94 35 39 81 16 45 90 62 34 63 80 56 14 38 
62 99 22 25 94 51 87 11 84 71 71 65 86 34 71 59 45 65 93 83 97 08 80 38 70 13 52 01 20 65 90 81 16 63 58 09 66 44 71 49 66 42 65 03 27 36 62 72 52 54 06 100 14 85 38 35 97 41 87 69 06 76 49 21 39 58 81 04 02 51 52 19 92 16 22 71 03 83 42 54 88 47 06 53 84 95 39 32 35 25 100 40 01 01 12 39 58 44 94 11 
95 97 30 38 12 03 08 67 37 49 20 76 48 77 81 83 71 19 14 06 44 66 97 96 66 61 86 23 04 79 34 98 75 15 88 38 69 95 04 05 96 76 32 95 52 12 29 75 31 42 80 26 59 28 21 24 88 06 99 44 36 84 93 62 98 80 99 18 27 55 74 22 82 05 68 33 69 96 59 51 89 38 76 48 18 48 71 57 05 69 100 92 52 93 53 01 72 03 70 98 
09 43 71 90 100 38 75 68 85 33 70 74 23 97 21 40 96 91 96 100 12 96 43 15 88 95 68 11 49 37 09 58 80 31 47 31 69 73 50 53 06 19 78 28 15 98 19 10 41 14 61 52 61 03 66 100 49 85 11 97 22 71 06 53 01 05 83 21 77 32 26 82 02 03 61 68 53 79 29 93 45 89 44 05 43 61 05 43 46 67 91 19 37 97 71 89 01 05 10 29 
88 87 11 89 41 23 08 93 02 36 37 98 24 80 02 18 93 58 60 90 24 50 08 60 98 30 01 98 34 62 27 21 48 89 61 40 11 68 85 64 03 21 13 78 53 15 47 45 24 06 86 48 07 45 59 05 74 59 54 59 20 32 31 19 20 91 59 83 10 43 98 12 63 11 41 15 77 87 11 100 44 48 47 50 92 58 06 17 16 60 75 88 91 05 06 63 47 16 97 56 
10 94 19 25 56 59 91 32 97 02 84 40 01 30 42 93 39 99 09 07 58 36 94 01 92 51 15 39 19 11 94 28 56 13 04 12 23 95 95 20 48 78 11 48 60 04 40 98 03 01 04 12 36 49 64 27 52 78 17 70 88 11 49 44 75 53 55 97 47 49 68 94 27 31 41 86 34 33 35 88 85 39 100 72 39 15 98 90 93 67 59 80 77 60 23 51 12 29 99 10 
30 67 55 08 97 95 45 82 79 79 70 63 69 21 34 08 35 84 49 79 50 60 59 78 19 33 80 82 14 78 91 43 96 45 02 44 91 46 26 22 24 47 84 45 19 70 52 05 05 100 84 06 11 94 83 29 26 14 10 91 91 52 85 39 96 86 82 39 31 59 60 07 57 95 51 75 16 54 80 20 05 15 25 16 08 59 44 85 72 06 76 15 57 60 05 05 46 86 95 28 
97 54 34 53 100 36 28 16 89 59 87 94 25 64 09 32 22 04 68 46 61 95 12 18 07 16 74 52 53 68 31 49 21 17 02 72 52 81 87 41 39 74 34 15 89 94 98 62 97 65 07 58 60 70 27 66 85 100 69 90 19 51 38 91 67 91 62 19 71 01 59 61 74 44 75 14 37 72 75 85 89 82 94 48 03 72 65 40 23 85 29 41 35 18 31 02 09 45 20 79 
45 30 92 70 73 18 83 61 90 57 97 30 90 91 77 93 14 93 32 37 29 60 29 15 77 12 16 37 56 87 68 100 68 59 21 40 76 03 52 17 59 49 46 01 91 74 93 04 18 76 92 46 35 73 61 63 84 28 100 39 67 19 90 34 77 10 26 04 64 77 73 74 77 70 74 67 44 66 23 13 41 66 11 27 38 23 42 21 50 93 11 68 11 52 02 87 61 79 42 76 
55 66 50 84 36 23 02 31 41 24 43 33 90 05 12 79 27 53 100 77 45 10 96 55 62 97 93 74 75 86 02 82 52 51 17 87 25 18 69 65 42 63 50 83 68 61 61 94 13 12 22 09 74 18 63 87 66 07 60 93 92 13 74 95 63 90 33 40 07 01 56 100 64 05 34 31 17 95 24 29 58 98 89 31 15 03 17 80 09 29 72 53 41 97 47 56 38 80 95 97 
80 50 48 95 55 82 25 71 28 01 52 85 98 92 16 12 95 32 43 03 12 67 07 53 15 06 08 53 85 02 01 16 51 48 11 57 29 87 80 08 87 83 45 84 74 60 47 68 43 42 23 55 60 81 59 74 86 66 26 22 19 78 38 21 26 100 78 06 86 09 14 73 43 58 08 16 69 07 36 63 48 10 69 07 90 27 32 28 44 10 49 62 87 86 83 12 37 12 18 23 
72 83 47 14 92 54 29 60 12 16 74 59 77 43 17 67 21 49 46 65 58 94 26 44 32 60 08 68 71 77 42 42 59 88 55 02 94 36 13 05 03 86 16 80 80 32 98 01 32 43 65 41 36 42 37 19 02 44 87 24 20 28 66 30 68 72 31 61 59 43 65 62 80 80 41 60 64 38 60 47 80 76 88 67 17 24 86 18 67 24 94 38 51 59 67 70 82 49 30 41 
43 47 02 22 78 94 33 93 31 44 40 10 19 27 28 36 02 13 05 68 36 98 57 39 08 75 08 42 23 90 34 65 36 35 38 65 80 71 58 10 14 97 71 33 75 98 20 76 63 76 95 98 26 51 36 85 25 96 78 99 85 11 63 72 45 52 88 24 74 45 85 88 93 55 72 19 05 43 46 67 70 40 16 47 42 04 32 66 99 09 16 35 20 30 58 16 82 45 92 55 
42 28 94 86 83 17 57 39 59 02 57 81 94 72 27 35 75 58 53 25 19 68 59 90 98 68 57 79 13 48 85 06 76 79 43 10 47 99 100 06 01 56 86 94 27 12 80 54 22 32 78 92 100 89 81 49 56 89 79 20 37 63 25 64 93 68 25 40 18 24 97 70 31 34 15 09 97 95 62 18 26 40 61 77 80 93 25 35 82 03 55 70 18 31 33 62 50 09 01 68 
84 49 89 14 82 04 22 79 98 36 48 75 27 09 52 06 01 28 40 34 31 46 03 100 77 87 61 78 95 14 97 78 62 86 43 96 89 65 74 86 52 73 12 78 81 63 83 34 43 74 67 73 72 22 24 48 08 84 77 03 49 74 32 63 59 75 58 47 91 83 84 94 55 95 71 36 10 05 21 52 78 87 76 49 60 99 48 68 34 25 22 35 50 05 97 08 31 54 06 21 
36 41 66 90 35 36 77 96 40 97 99 18 36 74 18 95 24 18 14 10 42 35 96 43 40 92 50 70 97 07 43 84 47 08 25 33 96 02 29 35 50 27 04 37 53 74 84 28 91 49 89 84 84 84 26 75 27 75 96 23 33 90 06 79 50 31 11 97 84 91 31 85 70 87 74 74 60 57 01 50 57 42 33 40 25 58 66 52 84 14 74 16 55 32 46 56 14 56 52 97 
99 83 33 68 21 06 41 80 14 93 81 71 34 13 62 59 22 80 62 57 93 87 24 99 70 69 55 83 76 06 31 74 40 64 41 60 21 33 91 35 26 71 05 59 83 18 69 56 97 82 12 41 69 35 40 38 55 46 73 31 51 03 04 43 18 97 02 39 29 45 73 54 15 29 13 50 98 33 05 47 15 69 87 35 55 78 24 10 23 96 40 26 51 95 20 68 91 21 58 20 
17 82 25 32 62 89 81 60 22 37 06 88 05 44 22 60 74 45 21 48 93 60 73 95 06 92 14 97 65 72 68 33 53 92 64 67 81 96 26 02 33 83 41 37 78 62 48 51 58 68 99 02 79 23 96 85 67 10 33 83 33 100 15 37 43 79 03 23 26 80 76 58 14 16 47 92 29 46 42 87 66 92 40 44 67 36 80 33 97 64 67 81 15 81 17 58 11 72 32 37 
51 60 46 65 27 92 08 56 38 01 94 03 93 33 98 11 20 30 43 16 45 61 48 12 93 65 21 04 88 52 92 38 63 89 54 90 81 13 97 70 14 90 24 58 74 73 68 94 54 62 61 99 22 09 62 14 25 82 69 12 33 12 01 48 01 55 37 33 67 33 02 32 74 77 89 47 49 56 40 55 69 53 05 90 61 66 04 85 47 24 48 79 36 48 78 36 54 14 68 73 
98 21 04 71 97 45 70 97 52 09 51 21 61 55 10 73 20 65 09 66 89 56 97 24 56 74 11 09 40 78 33 37 98 89 60 46 33 29 42 36 89 93 56 50 47 18 74 19 34 83 84 22 90 32 97 97 06 59 58 45 88 90 33 85 30 92 82 62 72 24 50 61 16 05 10 14 74 35 32 08 69 16 81 11 47 30 07 04 88 64 100 76 06 33 12 35 76 94 49 48 
17 98 08 84 54 69 97 28 55 29 87 24 96 67 34 94 48 92 98 36 56 49 63 13 33 26 47 09 19 47 08 87 44 15 70 98 35 19 77 89 47 63 64 42 29 97 87 77 89 84 64 96 85 78 08 17 03 06 25 22 53 32 60 48 98 82 97 84 100 73 25 46 35 88 39 16 85 25 44 25 61 07 72 45 84 31 61 86 36 38 59 40 21 71 40 71 52 36 06 51 
09 30 48 95 18 86 10 54 62 53 30 74 11 01 70 46 31 83 84 18 72 42 10 92 12 49 14 15 84 20 65 44 49 12 39 66 49 100 71 63 05 100 36 15 52 58 13 82 40 96 52 11 89 61 54 53 61 68 67 44 87 32 40 87 43 30 53 44 29 75 06 33 75 93 100 26 50 12 60 41 59 63 03 47 23 09 99 83 76 18 78 14 49 17 100 43 46 04 38 27 
79 43 11 05 36 62 82 37 25 93 30 83 55 32 82 29 40 32 63 67 49 41 32 49 09 32 44 07 87 81 85 65 76 95 21 11 57 03 99 33 47 28 16 02 12 49 82 03 80 45 70 81 37 01 29 45 84 24 03 71 05 39 87 80 34 08 42 42 62 40 26 08 20 41 61 31 89 43 33 21 87 54 01 23 55 81 19 90 05 74 60 09 12 47 40 97 54 81 90 67 
72 16 74 43 08 87 73 49 29 58 69 67 11 21 41 17 01 11 07 57 36 66 65 100 64 56 96 69 88 38 35 60 53 61 54 12 47 27 60 27 36 80 45 98 100 37 15 53 47 73 09 83 90 26 82 54 33 29 74 21 66 09 32 70 21 85 82 19 63 93 97 98 73 41 48 24 77 14 28 75 86 89 09 27 14 90 80 46 71 06 18 88 14 49 58 86 86 91 04 48 
35 52 98 07 92 45 83 20 58 10 94 95 98 03 21 63 44 53 61 66 58 30 54 23 79 63 08 64 05 63 63 39 14 60 98 57 56 80 76 65 41 21 59 91 23 80 05 19 84 17 84 41 47 89 63 77 51 22 92 55 84 54 46 49 66 43 05 21 74 32 86 66 52 96 56 27 27 13 97 10 29 80 50 27 69 64 03 71 37 94 78 72 48 23 20 13 17 76 85 90 
07 22 55 11 18 63 37 44 27 85 06 07 64 07 34 84 71 36 07 59 82 84 31 81 58 50 45 74 26 29 15 84 51 21 94 20 35 82 15 61 66 20 68 82 27 01 17 49 88 75 07 69 58 37 49 67 39 93 40 64 74 06 99 76 27 45 95 61 26 09 22 44 29 41 77 07 41 45 55 80 20 13 01 29 50 49 96 88 94 87 03 19 93 53 94 19 97 88 31 75 
48 04 18 28 44 46 34 36 90 40 16 61 53 16 90 54 16 85 93 61 71 47 79 15 99 24 85 96 63 16 70 11 19 39 90 15 84 24 50 25 15 17 86 19 84 27 24 100 11 16 12 33 62 91 48 13 14 32 08 77 99 77 39 70 67 28 84 02 03 85 26 70 54 63 40 37 41 64 88 51 31 100 36 45 42 35 57 07 18 64 35 17 92 25 38 58 53 73 59 07 
57 36 76 62 51 16 99 91 31 38 94 61 89 81 05 82 15 61 89 84 76 75 52 19 100 89 76 04 61 86 62 70 74 90 31 76 57 81 18 87 19 63 47 07 43 04 41 09 16 29 93 44 55 44 62 06 33 90 61 45 27 23 14 100 12 97 27 68 77 45 54 47 07 52 06 02 07 46 10 23 74 54 66 80 98 79 86 82 68 46 26 95 20 92 46 31 88 25 50 64 
69 55 11 27 07 16 80 65 61 90 87 86 43 04 65 92 35 02 25 02 100 03 48 19 94 46 50 33 70 51 96 90 06 58 68 12 25 48 76 37 37 15 74 31 70 91 75 04 92 99 58 91 01 57 62 46 02 63 78 23 13 26 12 18 83 80 81 60 79 57 96 67 23 70 97 44 12 23 100 03 74 57 46 26 65 07 72 67 69 49 89 81 26 53 99 61 84 31 20 62 
39 67 28 61 88 76 57 99 99 56 54 24 12 99 49 28 57 20 94 77 21 35 09 46 39 59 58 74 90 77 35 28 96 14 41 83 89 97 82 39 52 87 62 15 37 11 42 93 82 88 21 54 22 29 52 12 88 09 85 29 86 71 56 81 84 96 15 24 44 48 63 95 34 76 09 70 38 03 14 20 90 34 25 63 15 76 74 54 85 10 82 70 80 89 02 63 37 16 86 80 
64 100 75 49 76 35 19 65 37 32 84 78 18 61 40 32 36 65 85 20 74 18 41 05 06 94 67 42 10 05 22 25 04 48 73 31 82 43 96 71 75 31 48 44 91 40 75 27 56 11 46 82 28 39 86 33 32 53 27 93 09 48 17 12 95 42 43 28 84 90 98 10 20 98 53 11 89 27 89 44 37 86 25 64 24 11 49 56 15 75 48 23 74 17 86 20 58 80 47 93 
69 97 03 89 46 55 51 34 34 39 77 22 24 54 38 100 16 86 55 30 12 54 04 85 70 89 04 79 69 02 72 89 98 26 77 43 80 79 76 65 69 05 87 93 10 76 44 25 13 98 06 24 03 61 60 73 49 63 03 69 16 74 58 14 99 86 08 31 17 36 47 85 92 85 29 01 60 72 25 72 21 82 47 24 42 06 48 42 20 50 11 36 76 20 01 26 57 08 08 73 
43 55 58 34 91 86 86 51 10 62 74 30 43 21 53 84 78 100 26 98 02 88 85 77 59 85 54 15 92 62 40 87 68 97 72 10 34 58 12 43 19 86 25 14 58 77 97 87 29 74 84 30 13 20 58 71 04 63 38 48 76 77 86 95 25 57 05 10 66 16 05 37 53 29 50 62 57 98 49 85 24 84 66 36 04 75 59 59 38 96 06 65 72 91 60 48 100 64 57 17 
31 61 53 84 89 54 45 46 04 45 82 27 29 48 62 84 74 72 42 11 67 48 28 90 90 87 37 41 02 94 58 32 06 62 67 47 16 64 92 19 08 25 97 88 24 10 71 98 82 13 60 100 12 87 90 01 73 78 42 74 23 51 06 29 12 72 75 79 87 18 49 95 94 97 82 18 07 53 15 40 17 26 39 28 13 28 28 85 58 21 11 80 23 68 60 87 91 86 17 78 
55 18 72 49 14 05 66 20 09 32 59 25 57 50 52 69 29 32 06 86 52 68 18 27 35 77 13 77 63 29 54 69 46 77 17 60 82 34 31 90 17 42 67 74 43 18 94 71 49 51 57 53 18 26 79 04 02 91 81 16 71 86 85 69 63 53 80 96 87 10 37 03 03 03 28 45 73 22 68 21 24 76 73 42 01 03 97 02 45 77 70 16 15 06 84 77 58 63 24 44 
24 60 99 79 15 26 75 87 99 42 59 23 17 84 16 69 86 64 23 31 93 92 98 07 97 81 35 06 95 58 02 70 69 100 48 83 77 23 21 28 16 80 02 85 63 69 53 100 32 75 30 24 18 79 30 14 11 64 72 05 73 73 75 42 72 74 76 100 48 49 27 64 80 80 100 42 48 52 93 80 79 23 55 96 53 85 62 64 100 33 68 25 05 94 18 28 68 45 79 67 
93 06 30 72 37 81 65 85 33 58 64 11 32 18 58 84 54 19 47 06 03 67 30 07 60 99 86 79 43 65 46 36 22 27 59 58 08 24 42 92 81 57 54 12 27 11 95 80 82 94 37 84 60 66 43 71 64 28 50 59 44 47 94 65 25 52 75 84 27 68 75 07 25 80 70 51 43 17 82 24 10 19 59 21 36 01 91 52 81 92 10 24 38 55 41 15 58 15 98 85 
34 25 91 58 56 61 60 98 29 42 21 38 12 80 10 99 32 100 50 12 92 11 88 81 65 28 47 23 94 45 07 27 21 49 37 76 61 96 74 89 89 46 78 52 77 87 51 09 87 100 72 30 11 59 62 27 38 09 49 83 05 07 10 25 08 98 52 68 93 25 57 34 23 86 37 99 73 87 59 11 39 83 40 01 93 01 27 31 61 28 13 65 86 74 41 93 71 93 61 16 
69 69 01 91 54 37 42 78 76 52 88 14 86 79 14 79 80 92 61 92 19 25 57 57 99 97 49 21 41 61 88 10 29 40 52 35 77 45 12 52 49 52 17 34 30 82 12 61 73 24 53 44 49 09 100 99 57 100 19 98 61 59 59 41 98 62 27 26 07 91 29 55 42 45 88 71 26 52 32 51 75 84 94 23 44 93 73 52 92 92 01 04 02 11 45 99 73 23 25 79 
13 53 33 54 50 72 25 27 75 08 77 50 43 70 24 38 14 97 89 58 40 42 61 41 52 57 91 24 80 15 02 44 20 86 98 21 10 74 47 84 81 24 85 75 45 09 12 59 57 52 16 96 93 28 88 45 37 78 68 16 45 22 11 16 59 08 36 68 33 34 52 65 57 36 39 02 96 50 12 04 02 27 99 46 06 38 90 42 68 10 09 12 83 20 79 41 27 66 09 60 
99 12 24 08 99 15 09 95 64 72 98 17 50 49 15 55 38 56 97 05 65 05 68 47 24 46 40 03 11 48 14 10 59 89 17 57 03 77 03 19 100 53 87 49 01 01 03 38 57 99 95 73 56 62 72 31 08 11 33 70 58 98 79 68 87 47 76 89 75 31 59 74 83 46 22 83 98 25 72 54 75 66 79 30 80 50 13 87 60 45 08 69 95 87 88 81 85 15 21 12 
45 80 85 27 77 59 61 74 35 85 80 09 50 58 91 81 07 55 67 18 51 75 38 45 13 77 25 49 91 98 60 36 29 97 14 05 07 75 30 41 59 09 01 60 66 43 41 24 97 59 93 48 85 30 92 49 58 69 50 49 66 61 36 46 09 49 50 15 75 79 55 85 40 08 45 05 50 37 81 99 47 73 46 84 55 37 84 12 57 33 12 74 46 47 19 54 48 20 69 22 
51 75 07 90 34 03 46 36 91 26 34 89 51 79 72 57 67 56 20 76 40 32 49 85 30 68 91 77 39 59 51 89 85 57 78 71 11 24 06 53 01 39 41 03 17 13 59 35 20 79 10 11 62 59 96 43 78 86 20 16 96 70 57 32 78 86 02 40 09 07 92 62 45 32 64 13 96 23 48 15 53 09 26 66 19 73 08 96 10 79 64 05 100 72 88 29 57 90 68 18 
48 59 79 45 43 42 57 38 16 56 05 20 17 82 37 35 54 45 83 15 75 46 71 75 69 58 03 25 99 23 42 47 33 72 43 75 66 51 65 33 59 69 53 75 50 89 09 55 85 43 69 60 40 91 86 08 48 40 33 99 62 26 97 95 98 39 69 63 89 33 95 47 53 99 73 54 40 34 08 24 76 28 35 16 18 72 23 18 12 07 16 73 33 12 19 30 50 40 44 90 
72 38 37 77 89 09 30 28 42 38 03 18 17 38 85 87 61 07 04 72 14 19 97 98 82 15 79 31 54 22 72 78 11 08 54 99 69 83 26 62 72 29 31 41 18 15 27 78 74 82 02 39 100 98 36 33 64 14 15 70 35 86 99 45 46 52 96 66 86 21 27 10 49 10 50 18 24 76 96 49 57 97 87 08 46 22 92 61 87 06 30 21 43 28 18 88 31 13 53 69 
85 80 78 34 41 27 03 64 54 98 65 62 46 51 21 43 25 12 04 11 69 85 84 11 65 53 51 95 17 03 63 01 34 40 86 74 18 89 90 23 38 54 36 84 56 56 26 80 19 81 43 39 66 78 02 30 30 52 24 46 54 39 98 88 30 84 13 100 24 54 22 61 07 10 44 15 65 22 94 36 02 88 26 67 65 27 48 46 78 24 43 84 62 41 23 43 24 35 42 99 
89 16 59 47 25 55 61 41 76 07 28 29 94 54 96 11 80 95 56 10 18 51 93 31 91 15 74 66 01 15 64 89 82 22 88 06 76 48 47 03 06 26 32 52 79 79 62 11 73 69 20 91 19 12 73 61 78 46 26 78 13 89 19 94 63 06 100 90 05 98 93 11 23 76 62 54 54 75 64 78 95 83 20 14 46 93 26 75 38 52 52 50 92 22 44 54 27 95 96 32 
44 88 94 18 63 55 71 68 81 34 45 75 68 65 40 65 57 66 39 94 69 43 96 60 64 91 66 43 37 61 26 80 100 19 49 14 25 20 81 05 05 77 31 25 41 23 89 49 88 80 43 56 22 90 67 85 32 32 79 68 44 04 99 43 22 47 56 98 66 88 54 23 65 85 47 05 07 87 54 46 18 48 53 39 89 19 76 20 51 54 87 94 58 85 89 31 83 44 29 01 
84 82 23 48 18 21 04 24 59 09 21 77 08 73 15 48 92 42 67 94 48 05 39 05 41 27 87 24 23 15 24 06 49 98 05 66 70 60 42 28 21 62 04 28 35 71 28 78 64 94 71 11 51 61 67 43 88 54 66 62 20 41 19 68 38 23 86 07 34 79 87 54 92 90 34 26 12 61 55 76 06 77 86 56 38 53 99 25 06 16 38 77 57 56 97 46 78 34 05 63 
12 91 17 03 32 50 81 44 62 35 19 67 64 56 75 01 08 25 77 65 92 14 94 100 69 90 98 98 23 02 60 86 44 28 88 75 77 20 70 90 55 40 09 18 96 83 70 55 59 46 72 50 11 65 02 79 54 99 28 28 100 87 13 43 67 52 69 95 72 39 85 78 78 93 47 73 27 16 80 37 13 51 38 23 67 39 53 20 37 80 99 88 18 63 82 84 14 51 79 85 
89 15 62 18 07 08 91 85 75 22 21 87 72 58 61 38 97 13 09 33 92 59 73 62 21 54 97 34 04 75 71 44 89 84 62 47 44 04 31 18 25 51 57 48 09 17 37 57 82 97 41 25 55 13 86 27 67 83 12 22 09 34 66 50 18 79 96 13 82 79 30 58 29 38 57 89 07 93 45 88 41 38 12 95 50 50 73 16 32 84 90 92 18 55 41 35 33 89 99 66 
67 28 23 47 18 31 88 76 23 84 63 63 21 26 09 71 75 81 38 58 16 27 02 33 33 42 19 17 82 17 82 48 97 56 47 66 86 86 41 60 69 55 74 42 80 82 64 07 14 01 16 30 80 17 14 12 11 85 29 92 01 62 92 49 18 90 14 55 75 06 67 95 60 40 36 92 74 99 98 87 52 13 68 31 82 34 94 92 18 22 83 70 36 26 71 05 15 36 59 89 
42 25 84 01 17 19 44 90 70 41 28 21 06 96 51 87 81 44 30 98 18 12 19 05 38 89 09 52 25 67 93 66 44 76 18 60 46 14 49 15 54 28 35 11 75 37 49 55 33 78 04 02 90 23 06 79 63 14 82 87 32 74 04 27 01 74 86 47 87 86 13 92 14 100 03 88 88 51 43 20 29 98 73 70 20 78 100 35 43 81 21 75 07 77 01 07 50 39 05 88 
76 18 79 89 69 33 29 56 84 23 76 64 20 48 85 92 78 84 26 20 16 98 46 22 74 99 81 75 89 85 62 64 54 93 05 22 25 85 78 08 07 05 23 78 04 07 21 81 42 46 53 58 96 50 31 21 48 63 96 88 100 09 52 05 01 08 27 26 92 56 85 98 60 08 27 15 66 48 96 60 45 100 69 40 49 51 61 49 14 08 36 13 16 87 17 69 94 95 94 37 
02 30 34 13 89 61 28 07 60 75 66 04 74 34 44 74 84 56 22 49 15 58 61 30 96 30 50 42 76 95 78 78 25 12 90 65 24 17 71 83 91 36 38 16 21 33 90 57 88 11 05 02 68 18 84 16 99 85 57 74 80 34 51 04 97 93 20 72 09 91 54 52 78 44 19 99 76 08 55 16 19 11 69 38 28 04 05 26 89 61 100 68 95 02 23 91 94 42 63 55 
32 68 58 10 63 76 60 39 84 66 54 54 76 74 43 56 78 48 81 66 08 32 33 54 86 55 97 31 48 11 37 32 30 94 93 93 22 52 83 57 69 88 62 44 61 04 51 38 03 32 03 63 15 87 16 100 93 64 83 41 26 19 72 56 65 64 100 86 67 82 42 35 69 03 30 29 58 33 19 61 64 21 75 30 08 90 82 100 06 64 92 31 34 63 38 98 78 37 35 96 
70 28 82 90 30 64 71 40 96 89 52 11 61 26 40 20 15 73 72 72 36 63 55 22 78 92 19 07 81 06 03 50 33 84 92 15 47 62 54 94 02 05 04 62 30 44 82 96 16 05 68 04 67 74 25 44 65 95 03 97 100 05 47 85 40 90 99 39 03 52 32 04 08 36 17 37 31 50 84 98 54 51 01 21 76 77 16 41 24 18 37 75 22 35 59 14 76 57 52 78 
60 35 81 67 70 98 55 100 47 39 50 01 41 50 73 17 79 88 09 02 06 45 76 79 32 87 44 07 95 95 85 55 30 65 73 51 14 80 03 13 18 52 13 10 53 37 26 31 24 34 32 81 31 60 12 62 98 55 68 92 02 04 98 83 21 23 33 86 02 35 98 71 38 62 80 91 98 06 21 74 91 05 54 21 16 17 34 13 72 02 04 25 57 02 07 77 76 39 63 77 
26 12 47 15 74 26 05 71 83 26 96 74 82 50 46 97 18 80 09 41 33 64 65 89 17 71 18 92 62 32 20 39 43 66 53 16 44 10 39 78 35 34 03 68 35 49 64 53 80 24 93 12 39 10 52 56 80 69 47 93 100 19 83 95 36 88 62 31 97 100 09 31 86 63 50 72 63 65 76 42 40 69 53 78 78 05 33 09 25 32 54 25 50 36 71 85 23 32 16 19 
84 76 01 69 90 02 92 53 66 68 94 05 36 99 83 65 03 67 25 27 98 30 03 99 18 73 36 92 05 51 11 40 78 63 60 67 17 51 19 82 18 65 39 05 63 73 21 65 39 46 43 89 75 98 87 44 70 22 36 26 24 46 65 01 60 24 20 76 27 90 10 44 54 100 49 16 72 69 32 10 66 27 98 93 24 37 36 93 58 71 71 34 68 87 86 28 63 05 55 89 
47 16 32 100 15 32 68 86 01 51 48 18 77 97 10 100 85 46 45 95 16 15 28 84 53 13 63 15 70 69 55 16 85 39 67 51 70 34 89 22 85 88 40 61 84 01 61 21 46 05 15 14 71 42 49 23 06 11 90 75 31 44 90 67 82 57 18 52 42 06 25 78 45 64 39 28 17 51 100 62 07 14 27 77 55 75 51 61 85 40 87 68 84 29 34 17 37 51 20 78 
