100 100 100
37 04 22 58 40 20 31 22 40 79 42 03 21 73 83 34 30 71 02 77 02 81 15 64 45 29 70 76 10 42 96 46 97 17 04 88 36 86 09 27 65 03 29 37 27 63 71 56 33 72 84 87 04 50 50 49 30 71 76 39 64 72 37 13 40 40 100 28 25 61 54 41 15 35 78 41 97 100 49 82 23 32 68 27 34 69 27 63 40 02 54 55 25 90 67 17 29 19 44 05 
79 49 98 93 83 75 85 32 26 33 13 48 65 80 26 50 100 04 12 39 06 65 94 82 54 12 98 34 30 41 91 08 42 88 52 24 14 37 07 39 69 19 86 85 50 64 34 50 67 98 40 24 62 85 06 68 97 55 01 78 48 91 38 89 78 89 64 43 77 71 81 98 41 19 34 43 82 68 92 100 17 83 24 78 68 81 97 16 87 98 45 34 40 82 74 70 71 90 12 99 
60 45 96 52 63 30 94 96 49 37 95 65 20 70 94 39 50 91 06 89 40 50 74 79 32 48 48 54 89 12 04 48 56 100 51 70 81 45 65 81 81 11 97 52 81 90 42 82 32 99 70 71 49 96 50 32 43 49 37 31 60 40 30 15 91 32 36 71 76 100 03 09 63 99 12 95 41 54 28 72 52 50 43 52 45 92 83 39 40 19 69 52 11 50 18 01 81 54 72 09 
05 26 69 67 25 32 13 65 37 41 88 41 90 30 92 34 21 27 72 13 97 92 16 07 93 33 08 25 38 31 33 43 56 53 61 32 85 74 48 21 14 36 61 03 65 05 88 38 31 59 02 79 50 17 86 42 01 45 66 39 75 51 33 82 55 93 66 91 18 65 12 31 100 24 85 17 80 72 06 62 30 07 41 31 75 78 24 27 22 42 17 48 92 01 81 98 94 46 89 63 
11 52 94 62 75 30 78 07 02 35 68 83 41 08 14 67 85 37 46 58 78 62 57 21 63 38 19 08 35 59 70 97 10 15 11 36 45 40 42 46 75 10 28 67 69 93 86 06 30 31 63 59 92 72 80 06 61 50 65 95 08 35 44 69 01 54 04 45 93 46 42 67 07 70 86 75 14 71 80 43 01 95 54 44 66 85 50 26 34 66 72 93 100 15 61 01 20 16 97 13 
13 39 31 19 60 16 94 73 38 25 68 38 19 73 82 84 57 83 61 42 48 33 34 100 47 46 52 67 61 100 31 26 38 13 44 49 81 89 74 18 14 93 56 84 65 89 20 21 23 80 62 22 12 47 73 11 92 24 29 04 24 59 29 13 23 25 62 03 65 87 21 30 79 28 14 43 68 33 63 42 64 76 63 28 22 36 38 65 11 18 20 86 28 49 99 50 25 12 53 89 
98 25 71 28 52 84 70 19 68 84 60 83 59 74 10 80 61 99 96 72 16 15 09 43 15 07 93 39 70 97 80 19 21 02 46 72 85 15 42 04 98 53 38 08 78 48 39 39 98 34 62 14 49 70 08 63 29 100 54 50 96 33 69 68 34 14 39 70 81 32 25 30 36 14 38 14 61 76 04 11 62 17 24 10 86 31 72 66 83 25 16 30 09 36 98 94 01 88 15 33 
72 39 63 07 53 52 72 65 79 27 27 40 43 50 49 81 33 73 46 67 49 13 96 58 48 45 03 01 85 18 33 56 08 47 14 12 98 38 29 29 64 55 68 07 57 69 87 89 41 84 07 41 49 54 98 96 99 01 48 83 70 81 90 77 27 55 89 77 92 69 05 56 23 72 14 79 40 52 19 32 35 25 73 83 79 22 31 29 74 30 63 43 10 04 72 89 58 60 65 50 
28 69 05 02 40 70 81 32 21 51 15 07 28 39 42 58 13 24 86 86 53 100 81 15 03 52 03 60 63 67 61 42 35 17 43 26 86 75 09 06 26 76 65 05 14 06 62 26 81 99 64 33 98 44 47 52 95 01 63 09 67 24 50 53 40 44 31 26 19 91 83 96 66 47 100 32 04 61 09 36 11 24 69 60 67 67 11 13 20 73 21 86 96 22 91 88 66 73 13 84 
63 47 31 81 46 30 12 01 42 72 37 52 96 57 11 14 23 73 27 42 97 99 80 45 73 22 32 38 94 96 73 08 42 03 88 87 84 51 88 77 23 24 28 18 80 90 83 54 14 09 48 10 60 79 54 84 52 37 21 97 32 45 04 74 47 92 12 82 42 51 58 16 74 37 33 05 78 68 11 91 28 10 52 87 40 58 70 91 94 42 87 78 86 90 51 84 33 14 65 75 
65 74 90 90 10 75 47 39 42 57 81 69 18 33 08 57 42 29 47 87 71 33 64 08 74 14 44 07 80 08 33 44 34 74 33 95 48 79 34 41 87 14 62 04 98 21 60 91 49 06 78 71 90 41 31 16 07 74 22 86 33 54 29 66 27 13 13 27 92 46 19 30 11 80 34 61 52 45 51 01 03 28 23 44 69 53 59 75 78 80 60 11 85 40 28 64 52 40 90 95 
37 08 25 48 40 10 60 91 54 10 43 56 38 18 100 58 70 10 84 100 90 95 62 74 34 89 89 37 81 78 32 17 38 08 16 29 17 75 71 22 37 14 30 26 31 81 83 52 90 18 03 31 12 64 57 97 05 45 85 85 23 16 53 12 75 21 40 43 47 62 17 83 75 46 08 57 78 42 61 67 59 63 50 22 27 06 70 83 50 55 67 24 22 71 35 97 91 26 91 38 
88 07 72 14 04 32 23 81 73 83 100 84 97 49 57 23 54 27 05 03 81 23 79 54 46 13 02 36 91 93 25 30 51 49 95 55 80 17 35 52 99 86 87 96 34 44 70 39 70 27 94 02 01 72 07 46 36 09 34 78 01 10 07 03 58 02 57 37 18 44 41 69 29 27 16 15 22 85 53 43 63 98 96 64 69 03 61 05 11 94 82 63 04 41 65 13 42 74 02 11 
17 42 79 97 20 46 63 94 31 68 36 93 65 84 08 86 86 69 42 48 14 75 62 69 15 78 82 08 51 83 71 19 76 01 68 47 47 30 92 77 49 80 21 66 63 81 51 48 49 92 47 62 66 08 83 33 85 64 40 88 98 10 06 25 11 73 23 57 55 15 85 03 94 57 68 56 37 70 55 37 61 01 51 79 60 33 11 96 96 02 83 45 12 89 69 74 13 43 82 67 
57 66 22 50 74 41 57 11 11 11 47 23 63 97 01 74 81 63 70 28 65 52 72 28 92 92 01 05 35 34 23 91 51 96 93 24 37 49 34 99 12 33 21 26 81 22 100 62 36 21 89 100 72 13 27 16 04 79 20 38 12 42 81 14 38 25 38 26 25 23 24 88 55 44 14 88 17 65 49 53 85 89 04 08 01 83 23 57 61 94 46 25 88 26 38 77 02 27 02 27 
50 77 14 56 72 79 43 89 43 43 93 79 84 48 39 84 30 61 92 43 07 38 67 94 15 56 70 17 35 23 95 84 99 08 91 70 39 86 10 81 80 54 12 63 02 50 99 31 10 90 25 68 27 91 61 94 99 82 10 85 04 56 68 54 63 10 24 53 95 85 34 75 91 45 89 92 46 87 74 07 77 99 75 55 41 35 48 91 17 09 75 20 64 94 74 79 04 49 31 50 
85 16 76 75 12 65 66 57 03 92 64 79 42 38 86 82 24 85 25 40 94 99 12 09 45 37 87 100 37 70 49 21 85 77 96 49 93 13 05 95 56 20 26 97 57 11 31 81 95 55 72 40 05 83 49 49 71 87 100 07 56 49 28 93 77 75 41 69 39 45 15 95 65 40 91 73 50 73 05 97 27 77 36 84 11 36 84 82 23 84 88 30 84 67 22 60 41 14 80 80 
11 94 74 27 34 16 99 35 89 56 83 67 32 19 50 42 06 86 75 80 69 63 10 52 81 83 63 22 97 42 53 07 87 78 85 72 93 83 07 33 38 89 52 21 59 53 15 17 38 89 96 06 03 05 09 84 40 71 57 36 64 61 94 51 38 78 22 82 12 80 15 02 69 18 22 79 70 88 95 08 29 91 65 31 47 74 66 86 44 74 73 60 34 66 10 23 95 83 05 59 
63 71 60 83 88 33 61 57 21 08 16 49 50 81 31 96 06 49 34 01 74 06 60 60 24 21 82 70 04 38 28 66 08 87 100 47 72 12 56 92 19 71 92 68 03 22 16 08 22 01 09 96 58 20 07 33 41 88 03 44 26 82 61 85 21 60 32 92 71 87 83 42 09 74 61 12 47 76 71 21 28 31 68 86 51 74 18 91 13 72 34 90 54 94 75 74 05 58 65 75 
44 99 16 04 72 77 67 70 04 38 90 32 20 57 69 70 82 38 60 95 10 45 84 63 90 58 88 94 15 04 21 10 02 88 66 73 16 32 94 72 21 36 03 93 92 23 62 74 60 74 20 69 70 03 83 60 13 22 05 27 25 77 89 26 65 06 50 80 89 44 51 10 79 05 02 22 79 15 47 39 88 66 59 58 69 94 69 33 15 73 11 92 02 99 17 66 56 19 97 45 
14 100 06 44 56 59 17 35 73 64 25 13 81 83 22 01 28 90 33 95 14 44 86 15 94 54 32 50 24 29 94 37 80 99 80 35 57 97 69 81 12 93 45 92 28 66 93 55 07 77 49 73 20 86 87 14 92 71 63 15 51 08 52 30 58 83 64 66 31 85 98 94 77 43 38 56 08 30 63 15 58 63 87 78 49 25 43 40 95 05 06 45 64 09 26 21 44 90 38 26 
74 35 20 02 77 57 10 37 38 72 51 95 34 89 24 82 65 66 73 12 22 31 08 85 39 34 57 82 23 46 08 48 81 79 01 57 35 10 93 24 81 95 18 15 35 42 48 100 07 73 11 29 55 18 65 93 51 74 27 25 19 86 24 99 64 25 08 50 34 52 73 67 99 42 33 33 83 80 84 42 04 94 22 58 64 38 03 66 11 81 43 30 66 66 80 81 90 87 30 76 
91 54 42 89 95 74 73 30 05 57 23 61 02 44 70 17 33 72 83 44 52 77 73 69 42 52 49 84 91 30 59 81 35 52 21 82 25 93 11 81 01 85 41 03 80 11 19 12 34 53 55 86 29 79 06 23 83 07 06 25 88 16 57 23 67 77 56 43 21 66 23 22 02 16 76 81 26 46 92 59 99 99 96 79 29 54 53 11 60 10 87 47 25 43 21 91 19 76 33 40 
93 08 13 94 23 88 26 100 33 70 10 83 20 06 14 48 59 66 11 70 76 97 68 100 40 89 43 10 16 27 01 61 34 13 06 08 100 32 07 85 53 17 67 72 74 80 71 84 46 81 53 73 30 20 24 21 60 66 30 28 93 31 88 78 95 93 86 47 24 44 31 28 60 97 99 85 29 70 68 26 02 72 98 31 44 21 51 03 39 33 82 83 15 69 60 09 62 97 55 37 
93 85 65 04 34 15 89 62 84 56 87 38 28 84 68 71 56 71 25 94 03 07 76 69 75 88 77 88 36 32 77 28 68 93 32 01 07 20 62 43 27 48 80 06 83 99 28 39 69 53 84 23 11 12 91 37 99 20 25 86 03 53 66 70 45 97 71 51 68 84 93 94 84 72 52 66 71 79 56 91 31 92 66 93 03 56 30 53 27 06 38 29 58 03 99 02 51 21 52 70 
56 45 16 39 68 67 57 90 45 64 81 28 55 46 20 09 53 01 61 32 06 51 60 63 05 10 64 08 82 68 77 38 64 92 76 31 58 84 73 55 48 53 34 54 50 53 63 54 54 23 37 11 25 97 74 82 58 89 89 40 56 65 77 19 09 04 02 18 40 74 72 87 78 05 40 79 10 54 84 15 29 21 25 53 69 50 34 26 39 74 65 94 91 93 65 99 97 66 68 36 
91 92 74 68 96 65 98 57 19 81 71 47 01 48 51 69 97 37 47 35 10 11 81 52 04 45 02 52 62 70 39 52 61 64 71 08 28 68 65 98 48 87 96 01 34 47 21 31 83 67 17 44 78 97 96 33 93 97 36 54 66 26 57 78 41 27 86 68 46 50 18 46 88 13 46 22 59 66 04 93 33 20 37 62 69 84 46 61 80 33 67 98 58 23 75 98 02 12 17 99 
13 86 44 01 99 89 22 09 07 25 02 91 96 90 04 64 73 49 25 04 33 43 53 90 65 80 39 18 91 07 17 56 45 60 56 43 01 77 03 59 53 04 49 48 45 52 64 69 52 40 25 84 82 29 25 98 08 15 16 51 21 84 06 65 95 13 59 47 89 62 05 93 17 53 92 14 04 55 82 55 94 58 90 27 87 14 25 94 28 92 96 01 75 53 65 21 65 76 68 05 
89 72 97 05 25 41 18 80 95 52 87 41 09 76 19 95 90 43 41 17 34 36 17 60 41 34 81 05 61 48 62 49 71 58 53 47 98 23 27 45 74 65 37 82 40 55 77 81 50 69 50 35 56 18 95 96 03 27 53 63 26 14 11 96 71 16 43 21 90 21 17 63 85 05 96 76 59 24 09 60 92 58 95 48 27 89 43 30 67 47 44 92 60 07 39 83 74 81 55 63 
01 71 77 37 75 72 13 85 96 21 97 87 30 91 86 08 31 81 89 97 27 33 40 87 91 78 21 64 59 75 26 11 45 02 48 71 25 12 07 20 32 03 59 13 45 44 20 75 76 09 23 03 93 62 41 83 92 61 98 50 35 23 12 31 76 59 01 52 22 59 72 53 62 82 17 58 25 89 33 53 97 07 55 41 69 95 23 60 07 20 61 41 94 72 71 21 83 23 72 04 
81 95 09 94 76 77 04 53 65 36 05 13 42 11 53 62 57 27 73 63 98 33 55 91 57 77 63 91 99 87 46 31 81 54 77 09 83 80 13 47 67 69 60 60 79 64 22 87 91 46 01 88 31 55 31 87 83 93 29 33 79 74 15 12 80 91 72 62 22 84 08 40 04 19 100 82 83 73 20 25 70 20 64 100 26 94 38 08 39 66 40 69 92 54 80 71 97 03 32 70 
38 91 10 41 62 61 22 96 85 93 72 06 12 35 06 89 81 43 96 19 61 87 87 52 41 19 74 89 73 57 58 11 99 19 51 60 79 25 55 15 17 78 21 81 13 78 69 93 20 17 63 32 03 49 83 43 19 08 83 92 64 41 02 63 59 52 22 90 76 29 56 45 06 76 25 70 53 45 62 25 61 24 08 64 25 91 58 95 50 41 38 14 81 39 76 91 43 49 80 70 
29 36 14 87 63 90 56 68 35 70 44 95 45 51 10 21 93 68 16 43 08 53 56 40 44 83 30 38 31 62 07 60 49 73 46 11 62 53 30 48 22 73 43 67 76 52 87 68 71 54 10 78 59 17 69 02 99 99 39 82 12 97 93 60 69 90 70 83 42 52 30 64 24 24 82 99 28 20 19 98 26 80 28 84 97 96 85 47 46 75 80 57 71 72 16 92 61 38 74 03 
89 03 18 64 27 51 15 06 22 85 03 47 64 30 30 12 78 66 11 23 92 90 32 63 62 99 54 74 88 79 28 76 33 45 92 59 47 58 16 69 42 19 15 05 100 97 69 77 62 79 52 54 68 83 68 81 33 73 55 21 51 82 48 83 79 39 94 77 48 09 45 89 79 60 46 79 56 66 07 69 44 58 74 11 92 41 44 25 13 98 45 15 31 44 98 61 83 43 38 82 
51 82 23 82 93 20 60 100 85 66 21 28 24 94 90 67 35 33 91 99 82 87 66 13 31 63 25 65 57 62 98 59 96 20 40 88 39 99 40 23 17 60 02 92 53 92 58 39 76 01 90 58 39 55 22 69 69 46 85 25 60 83 83 55 02 75 94 93 73 33 15 41 44 17 32 49 60 90 87 35 90 28 44 28 34 65 49 02 63 85 78 22 67 13 28 21 87 21 13 11 
06 79 52 49 47 83 97 06 24 36 93 13 15 36 93 49 01 93 02 15 77 80 88 96 44 15 16 30 87 80 40 92 58 43 93 57 26 41 62 49 28 06 14 43 42 58 43 94 02 44 08 78 75 95 73 18 61 40 99 47 19 39 91 29 33 83 85 58 75 98 59 03 04 24 97 45 33 91 38 34 34 97 11 61 43 36 78 03 75 29 01 46 19 91 26 51 25 10 61 100 
07 19 54 62 94 02 06 26 92 95 59 77 43 69 37 85 56 67 39 83 95 40 80 13 82 05 63 07 14 23 58 72 93 11 34 86 64 91 11 55 38 21 31 80 42 68 17 97 86 55 31 32 46 10 44 80 14 58 38 27 33 95 51 25 57 84 63 20 26 25 74 63 46 56 43 87 23 11 35 60 17 66 91 15 75 86 94 89 44 31 67 28 25 69 04 33 04 66 04 30 
43 77 92 40 32 86 78 07 48 12 18 65 29 09 79 04 94 72 44 89 54 62 16 30 31 20 62 34 37 65 15 79 93 07 70 76 44 47 34 92 59 52 08 87 12 86 42 57 09 37 46 62 99 13 91 81 84 04 14 21 20 81 51 12 87 21 87 82 67 21 25 77 24 32 16 35 17 57 91 77 94 88 38 44 01 80 24 84 83 89 56 02 69 59 65 07 31 04 41 49 
76 65 26 99 97 93 33 65 49 75 42 94 63 31 89 15 11 64 50 45 05 06 99 73 16 63 32 46 18 72 46 93 88 23 91 84 15 75 49 16 50 42 09 64 72 50 78 34 13 27 31 17 84 29 42 51 43 25 48 61 96 94 05 35 16 96 19 83 22 19 98 23 60 58 38 83 07 15 17 72 94 47 88 29 27 81 32 21 05 79 81 52 24 38 87 92 33 05 74 06 
75 23 81 86 80 18 68 39 33 36 10 78 34 49 58 60 30 89 81 34 20 13 86 95 50 24 86 34 80 11 92 54 33 72 39 65 89 58 03 73 46 64 50 79 12 60 91 41 100 71 75 71 35 12 66 37 87 03 70 66 66 61 19 50 32 09 14 73 18 68 45 63 31 47 42 43 06 32 83 05 54 09 76 40 72 93 76 58 95 98 23 12 58 93 62 42 53 75 14 71 
43 10 33 73 56 26 67 61 09 50 18 62 10 45 54 82 89 29 39 35 26 14 47 36 06 08 29 59 82 94 81 76 03 65 01 59 91 67 71 99 68 40 13 78 84 18 59 24 46 49 59 72 62 05 59 20 12 87 30 45 80 10 73 82 26 73 92 16 91 63 67 59 54 31 36 90 48 46 13 45 94 71 68 08 27 26 79 38 12 08 35 43 69 07 77 94 79 68 62 69 
82 80 79 36 62 14 25 61 11 37 05 57 60 73 64 86 98 42 76 62 01 10 04 21 16 32 14 46 100 27 66 81 06 97 68 19 10 44 79 73 81 84 29 92 08 44 77 05 85 52 18 37 61 74 57 28 05 22 25 56 01 43 89 58 39 56 77 100 100 55 72 32 90 52 23 97 95 51 54 31 03 23 67 15 96 75 95 53 49 71 08 49 13 96 06 03 52 82 55 03 
89 78 34 78 30 08 75 24 58 80 07 12 02 73 27 50 100 73 02 48 43 09 96 08 05 01 10 08 83 16 62 71 94 47 100 75 54 26 98 63 05 56 75 59 29 53 08 80 25 09 27 19 69 74 26 73 74 88 32 08 03 93 78 48 39 30 22 44 55 72 07 60 27 81 18 07 85 77 86 09 85 64 27 53 37 05 78 11 92 61 18 46 54 48 94 44 29 15 88 83 
38 46 94 65 78 63 71 62 39 09 22 23 24 100 28 61 04 57 23 95 17 92 41 22 39 86 18 19 100 57 02 38 02 95 54 79 58 76 92 96 36 13 71 60 12 50 20 16 06 42 62 74 33 54 48 24 39 65 42 91 21 43 80 22 90 33 52 47 08 43 94 96 55 16 55 18 65 74 85 70 15 47 96 99 52 43 74 91 07 16 33 79 10 12 100 99 96 51 97 55 
45 43 50 99 58 04 16 23 77 01 44 43 99 39 42 50 81 15 92 39 82 24 17 44 87 68 94 82 70 43 37 14 85 86 12 42 90 80 16 18 32 12 61 82 50 54 83 83 20 75 73 54 50 90 97 37 57 90 70 27 32 06 92 16 44 56 10 85 35 77 02 18 88 14 99 90 67 33 24 39 07 96 92 09 37 88 97 94 29 66 72 61 24 15 28 67 70 89 51 56 
66 52 73 05 18 23 94 84 56 69 74 14 65 65 22 01 04 18 46 33 36 69 45 59 84 72 25 53 61 27 09 78 30 33 82 47 08 28 83 63 96 56 28 12 73 02 13 76 71 58 60 06 79 04 64 62 28 40 66 88 66 26 17 96 11 50 42 18 77 24 80 25 80 59 36 52 60 100 79 31 10 91 36 88 94 52 01 73 91 18 12 57 44 28 52 54 78 45 71 06 
69 02 82 100 60 18 03 72 69 33 02 78 23 89 65 69 40 17 41 83 35 53 39 78 80 42 83 09 86 05 15 06 06 48 57 17 65 59 40 34 92 41 63 66 82 80 34 73 96 27 55 30 79 93 59 10 86 41 19 24 45 85 29 02 32 86 71 49 96 10 34 39 03 96 05 84 27 38 56 23 16 11 04 94 55 63 56 41 55 74 16 52 10 44 53 93 81 75 93 29 
85 26 67 87 74 71 22 52 61 29 74 76 91 78 22 46 92 77 38 98 02 05 49 11 100 54 55 81 28 48 09 64 25 27 02 50 98 23 02 10 04 75 85 94 04 06 91 47 82 80 45 83 84 93 45 84 46 100 16 26 99 76 89 23 02 91 25 99 65 26 08 68 52 45 14 56 02 04 02 84 36 98 18 19 91 15 54 88 66 69 65 64 44 54 38 46 96 62 96 60 
87 56 28 39 52 41 46 53 96 99 88 31 97 06 02 39 72 55 78 37 24 43 100 19 48 89 16 43 51 64 02 89 71 81 79 22 73 76 26 21 27 14 03 75 19 04 13 42 59 42 78 34 84 29 04 83 17 20 25 19 35 79 60 05 11 38 78 36 66 03 08 92 16 10 66 86 14 30 27 24 71 04 57 07 32 60 41 49 31 18 19 65 96 78 21 58 68 98 45 33 
01 52 76 16 62 93 54 27 74 80 50 96 36 06 54 67 17 95 67 48 12 86 64 59 15 85 68 82 34 13 66 34 64 93 02 77 37 55 03 10 34 52 06 69 09 59 88 78 05 54 77 16 91 40 26 58 76 94 91 10 06 57 43 21 01 96 50 38 50 52 47 36 56 04 04 16 15 43 93 71 49 69 87 91 61 64 48 88 57 39 97 14 47 92 87 47 87 36 84 89 
39 83 24 46 38 27 14 52 22 06 23 70 27 61 60 39 76 08 26 85 46 23 50 92 66 36 90 04 23 26 92 14 08 15 11 97 94 24 01 15 82 75 84 08 87 95 98 62 02 23 46 99 97 96 42 62 83 32 18 58 57 09 71 16 24 81 12 69 57 12 83 38 86 18 97 24 12 94 86 66 16 83 64 13 30 06 26 13 89 43 22 45 04 92 12 79 24 23 47 80 
87 29 69 24 98 65 48 09 58 85 74 74 67 90 38 97 95 15 61 35 10 82 31 13 25 42 91 100 16 89 32 02 17 100 78 66 65 77 74 22 61 100 47 27 89 36 75 35 51 87 69 12 20 99 24 44 40 66 96 07 54 27 61 22 26 38 39 42 14 12 16 74 11 14 52 99 50 79 85 52 65 53 63 85 51 38 80 42 55 75 01 60 01 61 33 79 98 71 72 63 
82 39 88 45 53 91 95 54 69 80 05 34 32 19 18 35 56 97 28 62 72 28 21 24 88 53 54 37 23 26 51 56 64 90 52 68 81 47 21 49 78 25 82 61 95 51 95 02 100 75 63 71 54 83 46 94 35 100 30 09 77 33 65 40 22 16 60 02 14 80 03 91 57 36 52 51 87 98 53 86 72 15 08 26 98 05 19 84 04 100 93 32 84 09 24 06 76 83 59 90 
62 13 80 18 49 83 21 35 81 25 72 52 39 31 29 88 35 99 24 91 99 68 22 82 76 97 39 51 79 50 92 93 62 24 62 10 06 82 96 86 06 19 90 97 49 18 36 36 17 59 26 67 78 99 100 53 96 39 56 26 40 99 18 53 22 80 63 28 13 10 13 71 29 54 67 29 24 54 64 40 65 41 58 42 40 57 47 35 47 54 12 38 52 30 91 74 09 53 01 73 
14 65 43 94 19 61 75 94 15 38 85 31 79 42 24 70 50 70 56 97 23 67 34 27 96 76 100 56 28 52 29 94 68 71 39 86 32 13 31 98 51 15 28 81 56 51 50 06 73 05 54 47 71 39 73 67 15 24 74 94 75 02 39 43 25 78 80 56 90 11 05 92 25 84 72 33 86 21 90 58 77 43 05 48 33 29 66 99 53 91 93 79 93 83 21 17 60 53 24 02 
63 80 93 39 63 65 23 48 37 12 58 66 06 14 13 39 42 30 89 46 20 33 25 64 16 97 32 27 49 55 28 63 86 21 54 48 37 76 48 25 88 05 90 45 18 54 35 11 35 24 57 55 56 33 70 23 29 02 50 30 56 77 44 42 49 49 41 37 25 88 14 64 92 03 08 61 09 95 72 43 18 28 49 25 12 19 48 40 20 97 21 27 25 65 20 74 65 61 62 89 
100 75 04 44 78 64 04 38 58 27 32 75 06 81 51 17 99 98 09 70 94 29 48 71 45 68 44 10 80 57 50 79 32 54 74 61 69 78 98 26 04 29 52 10 61 02 78 11 52 86 80 97 15 28 67 11 47 62 20 26 19 22 56 50 27 30 62 95 59 59 72 62 39 75 23 100 28 01 62 79 38 42 28 52 21 94 15 67 08 34 44 26 07 99 27 33 80 40 79 38 
98 50 52 88 76 74 39 04 26 01 34 64 94 61 67 14 07 81 32 14 67 27 91 73 77 69 58 57 08 36 94 57 86 45 96 13 71 35 16 96 35 02 11 28 62 30 93 68 10 76 33 76 02 75 01 30 43 58 86 02 93 80 10 30 76 06 43 46 40 10 94 26 11 04 05 73 33 97 92 95 24 77 22 77 51 22 06 46 31 92 99 24 23 09 05 98 14 99 44 53 
09 37 30 19 92 34 43 77 82 87 71 05 63 44 33 65 66 38 10 48 81 61 23 03 69 28 53 82 26 96 86 86 84 15 57 27 48 99 03 29 85 25 85 99 69 17 16 86 06 77 33 87 37 56 41 05 35 45 86 12 92 23 98 75 37 54 02 84 04 56 64 41 81 48 39 49 16 06 34 22 83 66 60 19 73 52 24 07 97 61 19 88 84 16 15 20 21 68 56 24 
23 19 64 03 19 55 03 34 60 36 07 42 54 66 61 26 18 36 33 66 96 03 53 31 18 19 03 38 86 58 61 09 28 77 63 46 31 18 32 90 05 38 32 58 04 44 36 73 79 20 90 26 22 94 57 39 13 11 28 98 20 40 58 47 16 73 45 46 90 28 36 94 65 19 04 20 62 39 44 40 58 33 65 31 27 73 21 91 35 48 88 54 39 98 01 55 22 97 52 11 
24 87 56 40 57 59 60 18 97 55 57 06 88 74 88 66 46 08 56 33 07 95 86 46 92 38 52 13 34 03 75 09 42 31 49 98 89 60 16 38 14 24 95 53 97 83 18 95 42 73 27 49 20 12 94 63 50 97 76 35 99 02 96 92 32 96 42 73 55 57 62 68 80 08 73 29 90 90 23 32 15 01 32 34 12 25 96 13 21 23 100 71 25 95 15 08 90 56 32 96 
64 93 15 95 01 87 23 42 77 97 25 91 97 56 76 61 32 71 73 04 94 24 75 70 70 41 29 59 96 61 06 59 53 21 53 05 07 76 99 83 72 23 25 21 31 100 81 62 23 05 66 68 29 92 89 98 32 17 09 79 77 14 37 82 34 41 38 41 16 36 75 40 11 52 60 41 03 92 54 25 96 19 44 24 62 32 74 45 49 34 23 25 47 11 58 33 52 96 25 19 
83 51 58 93 02 69 33 05 60 87 81 08 57 25 83 71 56 56 67 04 41 90 81 88 52 38 72 55 85 96 74 68 46 83 60 100 04 45 04 15 83 84 22 39 60 05 09 16 12 76 71 53 17 03 92 20 93 15 75 77 10 100 96 07 82 56 06 85 52 61 100 34 97 73 72 56 29 33 23 93 60 94 97 28 48 88 99 40 02 73 17 63 72 64 69 06 71 27 42 22 
87 93 55 83 66 79 91 46 63 13 38 22 58 34 01 06 73 99 45 26 24 13 88 47 77 09 04 47 87 46 21 73 38 75 08 55 05 98 01 67 62 38 40 20 72 92 25 96 43 21 22 66 86 61 64 14 69 68 60 07 65 32 80 02 07 39 57 63 36 09 30 49 46 69 68 69 13 44 65 55 17 38 72 02 98 35 15 19 54 26 25 18 58 56 72 16 94 80 30 81 
88 59 30 33 80 49 54 92 45 70 46 61 07 17 14 04 03 80 22 09 57 99 26 66 54 49 33 48 28 63 28 15 21 09 100 52 58 53 43 54 22 40 14 28 56 79 83 11 58 57 19 14 55 96 32 08 45 64 07 24 26 87 39 47 47 90 50 04 94 93 09 15 32 22 94 40 52 28 50 09 84 20 75 90 15 06 50 11 21 08 35 47 94 25 45 41 14 94 96 07 
86 05 73 70 78 18 61 30 45 62 90 81 81 16 22 47 21 71 58 42 79 92 40 24 16 84 16 29 77 12 87 15 68 59 36 45 28 96 26 24 09 16 04 89 31 78 87 04 48 44 97 78 35 36 54 02 71 69 82 99 80 68 65 99 78 100 44 05 47 69 29 07 36 84 47 19 61 34 22 61 77 70 38 64 57 43 65 27 12 47 77 43 66 42 42 44 93 37 100 40 
57 28 46 93 64 93 11 24 78 84 84 54 53 74 69 09 16 34 87 79 32 63 22 49 56 15 44 49 51 44 40 07 23 85 51 86 29 61 10 06 44 45 12 48 18 80 08 86 65 94 64 48 09 85 97 64 99 40 64 01 35 03 08 58 40 58 43 68 71 04 26 66 49 89 66 18 20 73 03 85 19 67 84 79 03 32 42 54 24 06 54 58 60 13 15 99 23 10 19 93 
13 96 10 13 84 75 31 55 48 33 91 18 51 75 96 54 06 89 07 29 46 60 39 06 73 05 04 95 14 22 39 79 17 48 43 52 75 73 07 22 58 97 91 08 23 86 61 29 74 19 09 72 31 99 77 03 04 32 49 69 54 87 99 22 86 42 26 60 66 32 33 23 80 23 83 03 08 95 83 34 14 43 05 44 42 33 98 97 64 46 17 17 84 16 91 21 09 16 81 74 
99 65 49 30 88 83 32 47 77 66 32 42 61 88 37 54 20 34 50 84 31 66 52 66 33 94 87 41 09 19 67 59 83 67 89 22 01 72 21 77 38 52 71 98 40 07 51 59 93 52 94 75 69 46 93 02 91 31 94 100 49 12 58 83 30 98 57 30 70 77 59 07 28 29 56 19 87 58 78 31 09 23 58 77 20 50 78 11 80 24 62 80 35 71 14 17 69 70 46 38 
46 04 96 74 84 51 44 71 08 73 53 16 96 10 44 15 11 74 77 42 97 38 21 83 09 35 99 77 56 45 66 02 100 61 27 84 63 70 06 70 43 10 37 90 72 80 04 82 05 33 24 01 70 44 36 30 30 34 58 38 30 23 39 82 35 17 17 97 86 74 18 80 83 54 69 54 86 25 88 90 57 11 43 78 06 78 08 88 63 17 25 45 40 63 26 26 31 94 23 16 
67 40 48 01 46 16 07 83 40 94 24 48 56 66 26 61 95 85 48 10 01 24 54 92 86 31 18 16 24 92 84 42 83 31 94 80 98 100 62 38 45 86 85 100 03 62 61 98 46 60 59 47 84 12 90 21 94 07 89 69 50 24 62 33 54 55 12 51 55 26 40 99 11 77 51 65 38 11 14 36 22 72 82 05 35 23 78 28 30 66 48 79 41 09 63 94 64 75 96 70 
100 88 20 62 64 70 26 53 32 40 88 54 63 21 10 98 44 87 77 25 04 25 55 44 85 18 89 48 44 37 69 95 24 89 08 39 10 85 43 42 76 31 47 39 51 56 36 46 95 64 70 50 40 77 46 25 94 34 24 89 22 93 83 97 33 90 87 42 26 30 35 02 60 81 40 62 89 27 08 83 90 29 32 30 57 77 06 50 63 29 90 36 73 24 33 05 65 19 99 91 
48 33 92 07 66 31 21 54 57 80 88 98 60 19 79 17 48 84 18 62 13 08 97 85 31 29 42 96 100 92 86 47 76 77 06 41 59 78 46 67 57 33 64 16 04 43 84 03 78 02 64 90 61 12 27 91 41 20 38 92 11 75 38 86 03 95 79 61 72 24 27 80 57 43 96 60 37 79 14 14 32 77 56 92 88 34 35 80 53 72 71 15 47 61 52 49 07 30 62 79 
54 88 58 62 82 05 73 18 36 86 32 67 14 87 11 01 20 45 33 24 16 03 38 14 15 41 63 22 71 76 52 76 63 61 89 45 18 61 14 53 98 45 71 11 83 33 63 54 77 95 29 45 50 18 58 64 59 72 37 29 47 88 56 62 01 44 58 18 56 71 22 53 68 92 15 50 25 77 56 53 72 84 97 21 02 55 36 60 78 73 40 77 12 95 38 12 90 95 29 45 
17 50 49 84 94 63 34 70 39 89 22 62 24 71 34 25 77 70 84 54 94 75 30 05 21 19 69 10 13 49 06 82 51 54 65 44 16 50 65 07 90 38 20 14 08 54 38 84 75 74 90 68 48 71 24 69 90 92 30 54 41 36 35 91 89 52 86 57 01 50 15 91 39 34 04 47 39 41 82 13 66 23 32 14 94 56 34 35 99 15 40 39 50 75 81 91 78 66 99 78 
67 13 68 06 98 23 04 37 64 85 01 81 08 85 46 53 40 31 87 90 46 26 29 47 52 61 37 29 79 87 59 97 51 26 54 49 49 57 37 64 94 89 44 53 73 90 05 64 20 43 54 17 20 34 64 72 94 52 52 24 39 10 21 41 88 74 89 88 83 77 51 76 18 46 28 90 87 84 54 59 26 59 27 97 92 90 20 37 94 72 61 32 33 33 72 20 06 13 07 40 
41 09 15 58 07 94 100 45 77 53 55 54 63 82 51 54 23 70 90 16 93 02 99 26 34 23 97 92 35 56 31 27 16 98 37 74 91 36 19 68 40 25 73 02 06 75 55 29 97 96 96 89 98 95 66 83 17 15 26 03 22 57 29 37 54 65 11 96 100 81 15 91 05 88 92 63 14 46 43 10 94 38 51 43 32 68 25 48 82 03 02 55 59 83 92 64 47 54 59 99 
86 74 89 42 13 33 04 26 78 46 88 23 36 38 65 67 57 42 67 91 44 68 45 54 02 88 17 49 41 27 99 78 52 39 20 64 71 75 42 01 73 81 23 08 18 40 74 74 81 92 16 24 12 61 77 13 48 45 13 41 23 11 18 75 02 37 90 72 12 83 24 84 63 47 43 32 38 16 58 18 60 73 93 71 33 21 35 81 65 48 21 87 10 38 13 11 27 03 35 90 
85 10 25 48 08 67 79 45 34 36 62 93 09 54 15 93 74 50 73 90 49 45 29 58 83 41 21 61 43 07 02 80 16 26 79 24 44 57 20 77 45 82 22 05 87 88 97 13 89 70 54 37 14 82 47 48 75 67 60 17 25 61 48 92 38 26 67 81 35 87 10 79 68 31 35 06 70 31 70 59 52 24 47 18 57 93 17 31 11 77 100 35 89 47 79 27 73 45 07 07 
31 68 37 50 98 71 56 20 01 25 78 05 100 76 22 57 69 90 87 31 66 86 18 07 85 96 33 57 40 91 15 71 59 51 72 08 21 27 79 73 04 08 29 55 84 02 11 52 92 50 82 09 87 99 15 71 46 99 79 86 42 93 08 52 95 79 11 15 58 90 40 13 97 20 67 80 22 30 31 13 31 65 21 17 15 88 40 61 86 18 98 27 63 05 78 57 35 89 24 44 
78 63 56 26 34 75 06 55 04 88 67 86 04 88 54 19 75 93 31 12 63 80 39 25 36 68 81 70 08 56 14 37 70 21 63 04 95 68 58 98 07 25 35 11 64 89 81 90 81 11 01 43 90 91 19 25 11 52 46 18 07 11 55 77 32 69 80 26 88 37 76 94 13 10 04 76 98 36 17 31 98 70 25 87 60 44 63 70 47 61 40 53 71 46 81 02 14 12 80 01 
01 55 94 13 64 50 41 14 37 57 44 35 26 68 73 38 63 36 59 09 48 98 14 18 43 46 72 56 58 51 08 58 05 54 70 20 03 62 85 39 19 28 25 96 48 98 85 62 85 44 71 32 93 36 01 36 81 72 43 90 74 51 47 30 56 69 50 58 30 86 48 100 14 73 48 13 70 32 74 06 75 96 37 68 31 37 55 64 61 49 53 34 51 100 16 06 20 17 15 49 
02 15 49 15 87 96 79 08 79 53 13 54 48 01 73 31 89 79 94 49 27 98 35 30 49 50 35 68 18 50 17 19 64 17 86 02 64 64 61 42 16 25 47 64 25 19 46 13 97 39 14 76 36 100 05 85 01 91 04 18 92 20 36 07 88 73 60 51 37 20 93 04 96 91 19 20 10 64 85 58 02 50 85 90 49 41 26 49 32 29 66 75 01 53 82 40 26 41 91 14 
13 35 17 08 25 36 80 86 51 16 96 05 65 32 94 65 73 71 13 56 51 30 30 03 82 11 43 59 04 85 72 16 71 89 75 95 76 06 33 26 21 80 30 37 11 75 01 83 97 65 38 100 94 20 02 76 30 96 34 85 80 58 52 50 98 79 97 73 84 81 50 57 60 32 45 70 58 46 53 55 10 42 54 56 61 07 31 43 03 16 79 82 73 31 84 22 09 80 94 44 
60 96 100 19 79 45 40 36 42 44 42 03 86 47 58 98 54 40 40 56 08 19 89 32 01 72 54 09 03 99 04 62 94 04 32 72 100 72 60 41 15 01 95 52 100 05 50 53 44 41 60 03 11 48 35 11 72 88 71 74 86 75 88 32 30 19 55 29 42 66 21 09 19 67 60 18 71 61 70 15 02 29 17 64 28 03 75 99 42 97 25 80 23 12 11 52 30 17 32 24 
83 04 32 53 71 43 70 41 04 91 07 57 71 76 20 98 78 46 49 20 43 73 99 17 84 61 69 65 77 100 40 11 04 71 63 26 66 84 66 21 74 73 77 44 48 48 94 25 46 94 96 40 66 94 56 01 54 24 17 83 76 57 45 31 79 60 56 44 43 21 64 69 45 92 64 92 92 09 69 37 02 16 76 19 10 31 19 15 07 88 49 82 44 46 12 22 05 19 18 99 
39 33 19 84 77 83 27 68 91 47 04 45 63 31 63 24 61 34 90 67 21 91 100 64 36 11 37 92 29 06 42 20 39 61 55 15 95 33 34 37 80 37 81 94 67 44 69 79 29 58 46 49 100 97 64 35 60 100 78 40 58 20 59 96 32 65 62 78 98 95 14 29 83 47 74 01 42 42 79 70 51 76 18 51 73 81 37 32 32 67 71 89 38 82 36 69 46 49 98 95 
95 11 23 77 09 48 29 50 89 08 19 92 35 36 94 07 68 30 90 100 48 13 40 85 46 28 05 91 76 02 38 71 65 12 99 73 60 80 23 100 87 41 91 73 29 84 32 96 66 21 47 13 85 87 98 30 14 54 73 41 56 10 63 20 21 14 92 32 93 66 32 79 07 22 03 87 06 34 82 23 55 81 35 91 67 84 21 32 38 93 24 45 54 87 16 74 100 59 58 92 
25 89 22 83 10 24 69 67 58 02 89 64 82 76 06 100 59 26 31 48 70 07 92 23 93 07 49 44 18 06 87 42 94 60 24 55 35 44 22 44 45 62 59 27 37 65 26 48 90 09 95 12 67 39 34 59 97 34 54 14 91 92 07 36 51 30 91 85 25 64 81 70 25 39 48 62 03 25 09 45 85 55 56 51 93 41 61 42 75 14 55 17 05 62 53 07 43 43 92 68 
06 72 89 82 62 36 43 65 60 03 09 45 58 16 95 02 56 08 43 82 21 50 99 78 63 03 84 05 97 27 24 54 50 12 35 12 99 78 28 11 32 36 07 89 03 01 91 58 60 85 92 81 34 42 58 96 44 93 53 40 20 28 93 21 92 27 32 90 56 59 100 88 46 06 28 48 59 70 58 70 55 49 50 40 90 59 88 33 04 92 24 23 19 16 43 10 94 27 52 50 
85 03 89 83 61 68 30 71 38 87 40 44 35 42 35 76 100 22 08 55 65 31 77 84 98 72 45 92 98 48 93 34 03 33 16 63 100 98 85 89 84 76 32 71 17 67 46 69 40 06 23 05 88 52 40 38 75 36 29 24 84 73 57 38 57 25 52 56 22 36 45 57 63 28 79 80 46 77 100 86 82 22 42 21 25 81 58 99 68 38 22 03 62 31 40 18 07 91 26 28 
78 70 36 41 49 15 20 95 91 71 80 24 92 73 44 69 53 54 67 72 91 41 75 05 23 14 22 29 57 47 08 34 68 43 74 17 09 45 63 51 15 94 74 59 66 70 79 70 75 97 41 17 89 15 21 11 81 43 91 37 41 98 22 61 93 48 29 53 44 91 04 59 84 29 69 01 50 99 70 24 95 10 41 84 77 13 46 57 07 37 45 48 34 66 60 78 13 88 31 57 
30 34 67 13 14 87 13 64 85 34 39 31 43 31 14 19 44 60 27 50 96 71 49 81 37 08 59 01 95 89 57 24 74 23 88 39 61 52 54 45 85 93 76 80 75 41 50 18 52 77 20 99 99 68 80 87 28 90 88 74 30 44 98 03 19 37 93 79 41 47 76 25 39 51 56 13 43 06 83 95 34 02 45 84 21 76 71 48 65 58 22 94 53 71 48 71 59 41 50 99 
87 77 76 77 27 31 41 21 88 23 67 73 76 12 57 49 87 27 96 04 36 69 97 88 91 97 11 50 37 12 100 75 88 75 51 66 06 91 86 45 66 53 18 41 16 26 89 54 04 37 57 39 57 06 78 48 02 88 49 90 99 48 64 86 75 14 51 32 56 37 76 21 41 93 62 08 18 02 61 21 38 70 11 95 75 89 94 76 76 94 65 75 93 28 12 67 93 63 98 48 
51 74 21 43 18 34 50 88 35 62 60 73 31 71 19 05 11 64 32 86 57 48 12 49 75 76 68 19 38 65 19 40 90 39 34 60 72 83 47 58 96 58 30 79 28 100 35 90 63 67 28 71 14 91 72 41 66 39 11 55 55 29 94 97 19 27 56 42 61 54 100 09 11 81 87 91 81 21 80 95 39 59 18 05 50 89 97 15 79 07 70 33 88 15 81 58 94 36 100 06 
41 51 14 52 31 52 94 63 73 25 10 63 84 27 19 33 67 15 47 45 74 68 29 13 35 10 70 28 97 21 33 90 23 47 93 06 98 86 20 22 10 29 37 45 07 55 77 73 22 76 69 47 43 50 59 77 11 80 56 59 53 89 48 75 87 40 80 36 25 100 58 87 80 46 31 87 52 60 11 73 35 32 19 29 81 29 58 43 09 13 01 61 53 49 87 39 88 67 75 65 
18 84 03 97 29 33 35 80 92 98 05 78 29 75 07 61 04 64 03 64 28 55 24 81 03 62 71 43 28 97 59 97 80 61 46 60 93 80 40 37 29 44 66 09 18 72 69 73 87 23 36 67 78 11 47 32 73 69 74 52 66 84 49 45 44 94 05 89 25 96 25 54 91 90 62 60 14 83 33 52 57 68 18 86 31 16 18 03 85 43 54 02 27 54 46 70 99 02 58 76 
49 34 81 39 76 94 99 41 76 83 92 85 02 62 70 32 77 87 86 13 82 92 14 08 45 60 29 96 13 39 71 62 24 51 100 51 44 50 91 72 84 35 56 86 96 25 69 72 64 55 85 45 46 98 04 42 09 32 89 22 22 11 35 46 61 86 96 57 88 87 80 71 73 35 56 68 11 77 39 26 31 75 70 28 25 73 21 33 57 62 06 78 72 40 23 33 78 19 41 65 
57 20 35 29 06 43 48 68 19 86 94 01 13 15 80 37 88 52 21 44 13 27 73 85 18 96 69 47 66 61 11 74 32 46 54 89 40 01 56 58 38 01 10 50 16 41 38 55 92 59 50 57 37 22 41 06 17 61 53 34 21 63 59 52 60 12 40 99 12 47 08 50 48 69 51 63 09 89 17 01 99 18 57 35 39 49 40 08 09 92 41 29 07 100 32 66 63 71 17 75 
17 24 76 64 45 78 78 53 18 46 05 16 63 61 50 54 61 42 61 69 85 53 49 91 04 80 09 67 02 25 41 19 100 68 34 44 97 64 49 15 61 53 30 24 66 32 77 26 73 89 47 57 41 47 100 45 27 08 11 80 84 03 98 35 22 84 31 18 47 79 32 07 31 62 82 96 45 10 74 17 98 20 25 39 66 76 83 44 35 45 24 70 47 73 05 68 56 35 37 54 
