100 100 100
53 24 04 53 88 06 54 18 19 06 97 83 66 41 29 80 51 01 19 18 71 89 51 87 41 34 03 92 40 54 83 44 29 87 96 16 92 02 85 10 07 81 44 24 21 24 04 23 76 74 40 47 63 42 85 03 75 87 95 66 93 29 10 73 67 57 89 58 58 73 19 17 06 14 40 26 90 95 01 65 69 92 63 31 34 48 85 08 86 31 74 78 60 35 51 26 91 91 36 49 
15 06 17 20 72 08 98 61 03 98 25 23 89 40 05 22 87 89 82 72 72 55 02 31 89 04 08 31 46 95 31 60 01 47 80 24 55 77 84 09 26 60 31 14 99 87 88 37 75 69 61 46 75 62 28 15 17 88 45 62 34 28 73 86 74 52 09 80 80 92 40 05 04 22 71 02 08 58 39 83 78 51 80 52 64 60 18 80 99 14 93 32 41 65 70 15 69 78 46 100 
22 86 05 25 59 27 78 67 36 68 01 13 18 32 16 81 91 85 12 41 98 04 25 39 21 94 05 89 23 50 88 44 87 44 20 46 70 98 64 05 17 64 69 35 95 36 15 86 20 79 78 18 82 02 56 02 47 60 42 70 61 30 65 100 25 85 97 47 34 60 03 50 23 72 84 17 59 51 54 79 29 84 48 62 37 03 16 84 14 57 05 26 38 69 77 63 53 73 09 38 
84 11 88 58 34 23 27 93 25 80 23 05 15 70 67 52 24 34 35 89 90 39 14 28 07 43 42 12 67 02 01 51 64 88 60 50 63 86 94 39 18 16 44 32 37 62 83 60 95 69 100 36 59 65 15 18 07 56 29 74 09 81 76 73 69 35 22 83 73 15 21 90 82 16 21 18 29 56 29 23 76 28 59 35 92 25 52 99 81 32 24 89 12 51 13 32 37 34 14 09 
100 87 98 81 54 71 50 83 78 78 57 53 05 67 87 49 92 90 99 72 21 22 12 33 24 77 64 60 62 30 69 62 68 18 94 21 40 44 55 17 21 12 22 78 78 60 26 69 50 24 92 70 97 56 54 20 32 70 79 93 51 99 06 18 17 52 90 08 95 45 25 67 56 46 44 33 57 69 54 06 44 45 28 40 100 33 59 83 02 90 76 52 40 33 21 56 84 11 16 30 
07 40 97 62 37 40 46 93 61 99 51 04 44 30 96 95 62 54 78 16 95 05 19 35 37 40 42 73 02 57 02 08 48 50 69 84 42 14 29 02 13 31 57 08 60 52 02 21 58 79 36 52 83 55 38 72 46 80 96 47 36 97 06 84 99 26 19 40 39 99 93 03 29 49 62 88 53 64 61 10 94 48 13 29 54 51 100 99 30 95 97 17 43 02 52 41 27 23 32 18 
21 24 72 50 25 86 89 77 49 01 38 94 49 50 22 02 52 73 53 33 19 49 50 62 03 53 54 81 75 38 50 48 61 74 97 85 59 37 13 59 38 50 52 86 52 26 39 03 98 91 36 17 92 37 30 46 41 35 26 16 72 76 63 33 49 11 69 59 99 82 17 36 83 68 73 86 45 12 89 43 54 76 59 45 64 40 90 04 74 68 71 46 95 33 30 95 95 98 53 94 
31 69 29 14 88 54 99 33 17 39 27 70 66 37 67 29 76 08 85 49 75 55 94 69 88 23 63 34 73 67 27 03 87 08 68 75 61 19 59 77 09 37 98 75 73 64 55 48 72 39 48 46 94 42 67 33 16 81 66 40 48 45 95 34 52 62 60 64 32 70 92 41 06 89 67 78 05 21 77 76 60 25 73 05 18 91 89 85 72 54 25 19 50 19 04 53 32 64 16 64 
85 07 56 91 48 22 20 52 94 97 79 05 21 03 09 90 94 97 74 65 03 98 35 04 68 90 57 52 05 72 67 90 31 22 80 30 95 51 33 88 47 11 93 19 13 01 08 58 50 34 74 04 83 60 07 51 50 63 54 54 87 20 43 17 41 74 98 35 77 30 22 75 40 14 46 04 67 05 62 68 38 87 71 21 47 29 23 96 92 76 01 78 95 96 46 87 21 43 21 97 
24 94 72 63 60 17 18 26 73 31 45 11 18 15 31 64 43 05 11 86 80 11 15 74 58 12 60 79 54 32 27 29 77 98 91 36 66 61 13 39 91 57 01 08 23 83 23 18 87 33 03 66 96 70 91 53 81 02 31 87 85 58 15 61 07 58 97 25 18 61 15 08 18 15 68 92 97 90 09 83 23 64 100 18 33 90 70 13 43 53 99 27 62 66 87 68 23 83 44 40 
44 58 47 13 24 14 04 20 04 65 54 78 28 53 47 12 94 16 24 36 20 75 62 81 40 01 01 62 35 96 53 30 54 51 42 29 17 98 49 72 62 54 49 41 59 95 52 52 62 75 40 82 01 01 14 92 53 66 05 88 62 57 17 67 08 11 95 24 08 95 95 21 01 95 61 59 89 12 10 02 38 49 35 91 02 49 82 54 14 87 93 27 43 10 93 02 20 40 77 79 
86 23 99 86 17 11 44 57 22 54 59 11 54 93 01 55 93 83 61 59 21 53 85 15 62 30 69 33 69 45 11 06 68 61 92 36 71 35 93 44 40 03 55 94 47 07 100 40 41 60 98 61 65 82 28 26 63 96 11 83 40 73 89 59 86 80 95 56 66 39 52 06 41 06 51 87 64 50 78 05 62 75 17 26 09 44 03 71 39 13 06 79 38 94 89 23 25 35 78 90 
73 29 47 65 86 97 04 50 99 81 06 60 08 22 85 68 66 87 90 04 100 95 34 37 88 23 11 64 57 88 54 82 69 52 46 06 49 01 55 47 34 12 58 41 34 42 08 51 28 97 54 79 44 40 67 83 14 77 47 22 17 100 03 85 03 01 90 51 53 97 49 86 60 06 26 93 99 85 43 27 34 49 57 77 40 24 59 53 52 05 74 68 56 29 52 59 81 94 61 33 
42 62 19 01 19 96 46 18 81 88 96 14 88 52 42 27 75 100 31 27 57 05 46 64 85 98 22 65 43 35 97 84 48 67 36 66 63 81 83 43 21 78 08 60 30 01 87 56 100 69 34 08 73 80 72 09 29 45 73 71 31 22 06 78 88 93 44 50 74 78 44 46 56 03 05 37 03 43 44 55 12 78 62 36 09 85 97 37 82 69 59 12 42 16 90 30 08 85 31 33 
14 27 30 69 29 87 57 32 81 53 86 44 30 99 32 90 84 28 78 17 48 36 28 90 03 69 71 62 05 53 47 19 79 76 39 08 14 96 91 95 48 28 38 29 26 69 70 61 48 47 77 96 82 57 85 36 25 55 97 82 59 43 100 38 71 38 97 84 85 87 30 84 14 68 64 91 88 33 52 36 79 80 31 12 36 67 99 13 73 96 94 31 90 45 68 60 82 64 96 19 
02 25 54 67 44 18 58 32 02 61 19 33 92 01 96 28 67 95 92 39 42 85 21 31 29 89 43 62 04 38 32 58 14 86 24 58 55 33 41 56 93 11 40 37 11 36 64 29 30 55 19 23 91 39 53 71 79 47 32 83 84 64 92 50 49 15 59 55 100 51 10 44 61 50 80 23 37 43 51 18 49 69 40 91 07 92 61 86 39 93 20 74 08 63 75 08 77 33 62 28 
83 23 72 95 24 51 17 60 46 19 77 46 87 16 37 46 60 97 83 50 41 54 23 100 16 50 07 44 82 20 72 17 43 43 11 66 45 80 78 90 98 54 36 37 22 24 82 81 20 16 30 13 69 04 12 36 53 71 79 87 90 02 55 84 44 17 02 41 96 79 30 94 32 17 30 05 92 63 85 12 78 66 76 98 70 87 33 74 57 63 12 99 65 66 82 60 83 83 100 30 
13 82 23 97 50 04 01 42 18 86 05 95 03 80 44 72 66 28 98 75 43 61 73 07 27 06 66 61 41 18 90 53 99 65 49 100 68 02 41 86 39 45 32 41 76 28 65 94 55 62 68 97 22 92 55 100 49 73 60 89 90 02 94 40 66 94 91 85 95 32 22 33 28 54 74 04 33 38 97 87 51 16 36 24 59 90 24 07 14 35 96 55 88 41 46 53 34 37 38 81 
68 11 65 47 64 90 50 48 79 98 35 29 65 22 05 23 63 80 30 77 14 77 83 02 69 29 06 54 65 95 34 32 06 99 30 21 88 32 69 67 29 55 47 46 28 51 20 90 30 01 18 96 29 01 49 97 29 06 51 93 01 36 76 58 34 05 78 74 36 98 92 17 04 90 14 31 41 33 73 22 34 90 69 62 42 17 11 22 75 61 66 75 96 93 84 82 98 61 07 85 
11 98 53 14 87 18 97 79 51 69 53 36 58 21 97 52 90 07 73 64 19 39 90 67 31 73 48 80 85 54 17 95 03 21 61 89 39 57 20 41 25 72 76 34 92 24 37 33 31 10 96 01 100 85 67 82 57 14 14 94 19 30 88 21 02 100 62 92 56 81 32 32 04 07 18 47 31 06 80 13 15 75 13 66 12 32 48 20 45 61 13 16 42 53 36 95 52 49 87 60 
81 18 43 84 77 12 31 59 18 10 23 84 36 87 50 47 18 49 19 15 61 31 30 54 83 17 48 87 66 86 46 46 04 40 30 32 52 60 90 69 21 64 04 56 50 53 55 68 53 73 34 65 55 63 18 38 79 18 76 96 03 21 42 58 12 23 89 63 34 30 83 06 93 87 61 95 91 67 14 96 39 47 60 94 09 78 83 39 95 58 35 49 30 28 07 41 02 95 56 87 
77 38 92 21 76 04 15 19 71 28 66 09 74 25 54 34 54 36 73 100 45 59 49 74 38 55 67 91 01 22 77 29 11 68 50 39 71 16 09 41 44 74 02 69 98 55 55 04 43 79 03 87 89 51 13 26 57 79 16 58 52 44 38 14 11 87 52 33 03 12 26 98 85 27 18 35 33 72 38 75 50 92 14 38 43 26 15 51 56 82 60 07 25 98 20 35 84 24 20 38 
35 45 35 72 23 53 06 55 76 95 82 78 86 95 15 80 72 82 31 27 63 90 85 88 39 56 74 75 79 93 12 66 37 99 37 11 03 42 66 78 36 99 55 21 93 22 53 16 55 83 42 17 24 78 56 63 33 30 37 12 22 100 29 11 98 65 73 52 58 38 82 45 88 88 17 32 61 69 47 15 51 40 32 75 17 87 89 50 68 77 13 90 76 41 52 26 57 24 77 14 
14 10 58 01 98 26 85 58 95 31 73 45 71 56 71 39 42 11 88 10 87 52 51 15 44 54 92 100 77 20 65 42 30 74 95 27 100 79 84 94 09 56 90 31 11 61 70 05 23 09 66 10 61 68 76 04 21 67 56 49 86 20 91 15 94 37 41 45 15 77 38 75 84 79 06 47 91 27 51 14 35 68 75 95 35 50 51 07 16 06 55 53 25 97 68 70 33 60 14 47 
36 03 22 72 82 79 18 72 05 20 85 91 87 11 38 73 60 88 79 27 45 85 80 21 34 99 91 66 10 56 65 98 11 38 69 92 16 86 15 72 05 52 62 43 62 99 67 74 38 97 100 82 81 31 03 66 81 45 32 91 100 48 88 62 85 08 05 52 93 20 75 49 23 36 43 36 87 09 09 24 05 61 58 37 91 60 03 24 56 34 14 55 33 53 69 17 60 73 20 04 
92 94 04 66 81 46 02 67 54 10 43 58 70 100 94 13 11 96 88 66 81 53 72 13 05 40 81 16 13 100 71 56 93 74 22 74 71 23 92 24 32 34 81 54 85 26 18 95 74 05 60 54 09 32 19 65 23 99 80 35 51 02 91 95 27 12 20 97 34 12 20 17 97 52 22 82 29 91 76 02 47 88 08 55 19 26 19 41 76 50 28 26 03 18 21 29 81 92 25 66 
03 96 82 100 99 56 33 28 98 08 81 45 95 88 51 65 65 70 58 41 71 85 18 74 54 90 02 34 82 79 99 84 26 32 35 25 39 67 04 37 27 84 81 73 24 83 38 88 52 47 80 75 83 98 48 36 87 01 69 20 31 19 56 57 50 90 33 89 09 36 25 87 71 57 59 94 39 48 34 43 46 13 17 28 62 16 63 49 16 83 20 47 01 75 55 51 17 39 91 77 
26 67 63 96 23 73 42 13 21 75 07 66 39 23 46 01 38 08 01 06 91 20 04 43 95 58 45 11 96 35 87 21 01 01 68 75 73 61 40 45 35 46 63 26 21 08 26 10 67 26 15 57 97 18 100 91 27 44 53 74 31 91 46 83 91 14 10 16 26 49 12 61 46 74 86 66 33 63 76 100 40 42 08 36 12 59 27 38 55 79 12 37 22 09 19 12 74 28 79 100 
28 91 12 26 64 49 43 49 11 70 48 50 12 07 85 23 66 63 12 72 94 75 08 15 84 78 26 57 06 57 56 85 47 19 62 10 67 05 58 77 74 57 78 85 16 63 59 33 25 71 04 18 45 11 84 80 40 62 37 45 18 44 82 64 63 43 25 81 47 35 58 73 91 35 09 58 49 68 90 26 90 93 95 86 55 79 66 95 92 54 91 09 97 24 72 11 67 96 44 65 
30 01 89 73 87 98 30 88 17 20 13 06 64 59 91 71 89 08 65 80 61 07 88 10 31 11 72 49 07 15 65 88 67 54 12 54 51 94 93 67 65 57 24 28 15 14 50 56 22 14 35 34 73 23 43 55 33 15 03 91 29 67 31 96 20 42 01 22 87 45 88 51 01 11 31 67 77 80 22 50 46 09 83 18 31 78 72 15 92 26 58 72 92 88 19 64 81 19 85 20 
63 25 70 15 35 52 34 63 32 07 12 29 15 47 98 45 24 21 12 15 46 21 38 89 08 57 04 40 27 89 59 42 65 81 56 51 32 41 14 15 48 77 43 62 23 40 59 98 12 70 64 57 90 02 98 49 58 01 40 84 41 51 25 05 31 33 56 14 73 21 81 20 97 23 82 72 15 40 69 26 61 33 35 02 34 32 50 43 32 89 78 73 91 55 29 73 87 84 39 11 
04 19 83 53 93 64 24 07 55 44 85 67 76 19 68 61 02 17 03 85 57 33 09 100 87 38 72 25 73 10 35 29 28 17 81 21 32 56 79 86 99 15 04 75 85 71 87 86 39 42 71 48 74 79 47 60 68 70 84 41 80 70 69 59 87 49 79 18 04 10 56 02 24 11 28 09 82 15 46 72 56 16 19 81 47 65 92 14 35 75 54 66 96 22 24 82 22 55 52 77 
16 59 31 39 69 58 99 02 24 45 74 31 12 44 11 10 09 02 76 95 28 81 12 24 55 35 57 76 41 60 05 56 70 35 47 91 44 45 92 68 41 17 50 05 61 61 66 21 14 41 67 94 74 78 17 28 64 25 55 05 37 59 12 06 93 58 96 37 55 40 56 47 08 05 03 68 17 69 40 83 61 06 76 34 83 44 61 99 68 16 03 56 26 66 62 19 24 09 55 30 
48 62 28 56 66 31 75 83 51 15 65 11 20 92 97 55 35 09 53 54 76 07 10 02 24 71 20 99 79 26 28 79 87 56 86 52 86 60 86 88 26 02 98 98 93 46 04 79 55 56 33 30 14 42 83 89 12 54 88 42 79 15 72 17 22 57 21 59 69 06 46 94 60 96 91 04 41 94 83 95 01 15 77 66 56 11 55 19 65 94 12 43 60 84 60 82 40 80 92 60 
37 38 54 48 33 96 52 25 42 34 72 94 100 48 12 07 10 18 25 74 11 88 17 22 71 28 03 63 59 95 22 95 84 27 95 16 75 46 92 68 31 63 13 30 62 76 88 72 93 12 45 55 51 13 29 22 40 31 36 50 77 09 97 60 88 91 27 14 36 19 81 18 81 45 99 43 21 86 66 65 97 10 72 99 23 100 20 14 82 07 64 59 16 60 70 55 02 49 68 37 
67 100 06 99 44 04 93 16 89 58 81 37 20 04 35 94 03 07 07 36 13 22 46 80 33 16 34 34 64 01 22 82 52 27 80 96 30 25 11 70 34 43 06 53 46 41 46 100 99 05 36 11 26 81 43 11 48 28 44 11 81 18 44 32 44 24 27 26 100 90 95 33 32 53 86 30 45 83 29 43 87 16 05 65 49 47 27 48 27 22 59 07 39 02 38 35 77 17 12 28 
06 58 61 37 10 98 18 54 32 47 48 71 14 53 35 14 51 13 62 77 34 72 83 73 25 73 59 02 89 70 29 94 79 41 82 89 38 100 94 22 98 42 92 63 94 78 77 44 90 38 73 23 09 55 47 33 79 57 86 67 78 67 12 57 59 46 45 49 97 90 70 46 31 61 08 76 38 84 72 27 73 44 01 33 50 100 18 29 56 03 95 34 21 59 90 80 04 86 28 52 
75 97 97 58 09 56 33 46 92 04 24 64 47 24 97 97 23 14 25 31 68 71 64 89 29 05 20 84 42 99 87 16 47 83 73 55 39 06 52 82 61 75 45 08 98 93 56 73 58 32 55 26 02 18 66 83 74 37 18 15 35 05 82 33 87 07 87 77 64 38 58 24 12 55 83 61 99 38 85 57 69 39 82 23 08 99 05 33 35 22 47 21 26 81 53 65 87 91 93 50 
28 03 73 91 09 56 03 07 45 88 63 14 78 96 36 38 46 92 70 32 65 69 52 43 49 56 59 35 46 51 84 25 05 08 15 13 63 70 72 08 09 34 73 86 82 60 75 27 03 45 59 67 13 10 09 13 18 67 99 15 70 82 40 26 41 06 39 56 75 10 15 83 95 87 21 76 98 95 03 100 91 61 66 55 22 27 67 91 45 65 06 14 98 45 40 39 50 30 46 77 
91 60 11 85 98 83 13 95 78 67 94 20 27 11 75 100 89 41 91 34 58 96 47 07 92 38 97 93 67 42 69 09 01 32 46 98 14 58 44 43 24 37 63 02 100 37 53 88 29 43 21 38 90 20 45 33 57 93 26 76 35 46 84 87 77 29 85 43 38 28 85 13 17 99 14 68 87 19 55 68 13 28 05 03 47 01 87 03 94 12 30 80 10 14 66 38 94 50 80 32 
30 17 44 98 67 10 65 54 28 71 21 92 98 25 46 96 78 33 99 71 44 80 50 53 93 67 91 39 69 22 22 98 90 65 47 57 26 11 10 05 33 82 97 31 06 42 26 35 74 76 05 70 08 06 74 100 73 16 90 41 90 11 90 79 28 88 35 53 98 96 10 82 77 58 64 35 99 90 69 25 17 26 94 24 31 19 76 55 35 65 47 24 28 88 54 55 75 89 59 24 
36 68 06 13 25 69 47 76 10 67 100 27 92 45 02 75 15 29 29 49 46 28 24 73 15 78 27 42 18 37 65 53 05 22 65 81 91 63 56 100 30 07 78 73 03 32 47 18 60 28 18 05 55 42 29 21 71 55 62 40 92 79 92 48 100 09 28 42 23 36 94 04 94 23 77 97 54 23 66 66 02 83 22 56 76 51 29 98 05 42 37 48 20 29 47 72 89 27 13 11 
62 06 67 07 29 43 03 34 17 68 99 19 03 21 26 78 71 06 76 27 48 12 27 19 92 73 42 32 99 55 95 12 12 61 19 92 03 73 26 19 93 76 89 95 96 15 24 18 20 99 97 19 63 23 38 06 95 79 38 46 85 32 57 49 44 27 40 46 100 65 16 92 41 05 38 88 71 61 58 42 12 54 61 26 76 50 31 22 80 20 19 65 03 28 13 46 54 04 91 53 
69 59 96 61 15 85 100 37 46 57 78 57 10 38 82 37 39 64 11 19 84 29 35 86 56 47 84 62 50 26 66 70 84 62 82 50 46 82 86 43 38 16 51 48 53 84 36 92 48 46 62 83 27 96 20 34 42 03 95 43 29 61 65 64 22 46 14 19 27 51 14 65 66 64 64 19 48 99 62 47 97 23 29 23 18 48 56 11 03 03 05 31 63 21 94 36 67 59 54 45 
10 67 09 75 83 24 45 30 75 06 28 71 80 56 45 49 55 52 59 57 54 16 39 16 36 33 51 54 91 57 99 100 75 07 27 09 83 71 38 57 29 65 79 08 72 75 57 79 78 67 35 32 82 74 99 70 58 02 23 100 10 21 52 36 80 78 45 62 100 34 70 28 51 100 36 22 74 44 100 51 10 87 34 44 12 85 13 21 86 87 20 47 08 23 82 39 52 26 52 52 
12 21 79 62 72 14 83 45 57 35 47 19 73 81 62 84 17 26 04 54 64 75 100 23 50 33 61 01 59 12 52 70 84 31 83 55 96 17 51 05 51 98 23 75 30 36 58 46 13 13 99 76 40 50 99 89 82 11 41 92 75 45 13 10 75 95 65 22 12 67 78 14 64 52 89 45 39 98 90 51 11 40 79 02 89 29 42 71 39 82 62 13 26 75 23 52 69 39 26 32 
05 03 46 21 07 34 65 45 31 07 48 93 46 26 46 87 54 87 57 92 21 70 57 98 96 79 02 17 69 79 48 73 33 45 45 39 78 10 84 61 68 83 53 65 08 99 51 61 37 59 04 09 81 12 59 76 42 60 44 10 90 44 35 22 88 79 61 66 40 96 78 07 78 30 72 37 80 74 49 69 33 04 77 65 16 35 40 57 46 36 67 35 79 01 57 66 31 69 83 71 
16 60 29 45 42 52 33 21 26 81 41 10 84 18 74 99 04 65 56 02 100 74 36 30 26 44 96 56 64 30 26 31 90 07 27 83 58 59 03 35 39 96 96 23 65 21 73 68 38 80 21 89 53 09 19 30 04 66 86 68 95 63 50 36 69 77 18 79 35 73 65 74 68 61 48 32 33 72 51 70 52 72 59 56 80 29 86 83 94 23 02 88 85 52 76 06 80 93 36 14 
17 100 39 84 12 86 15 45 10 18 66 61 89 24 68 20 52 05 02 45 27 56 85 64 07 12 21 86 04 56 51 21 55 90 56 67 27 23 63 36 40 28 48 28 04 16 99 55 72 100 52 51 55 88 14 13 99 34 50 54 89 01 26 95 90 82 13 68 04 75 04 95 55 51 74 58 18 72 64 90 23 67 40 78 54 05 42 04 90 92 10 30 44 35 24 85 68 89 52 71 
63 55 17 69 58 90 26 75 61 42 16 84 08 55 13 14 59 54 69 100 97 78 29 92 13 53 76 80 41 80 03 55 86 19 76 43 61 53 70 21 94 85 56 54 40 68 67 50 74 35 50 22 65 30 14 29 34 41 60 26 20 62 81 06 33 08 100 93 60 69 65 54 54 73 07 45 92 25 46 65 11 47 39 75 77 04 03 10 44 63 36 64 76 68 21 60 27 72 04 86 
41 21 39 46 93 97 42 84 21 87 01 84 86 91 58 14 94 13 75 37 27 62 52 02 29 24 14 55 96 17 93 88 89 83 85 81 80 26 17 52 64 69 35 01 59 45 14 52 57 89 40 83 50 44 36 31 67 01 37 14 70 29 01 58 12 37 91 43 62 59 94 78 27 81 30 37 25 44 40 33 84 79 67 85 22 54 15 41 55 04 54 24 32 07 33 95 43 23 37 57 
33 83 86 59 15 15 47 39 10 86 23 93 17 89 78 90 42 44 30 48 47 36 71 31 94 56 77 36 78 66 44 63 48 81 21 62 96 20 52 05 05 26 50 73 14 79 63 07 22 44 55 21 31 77 51 24 32 27 12 62 92 55 24 91 88 96 04 83 15 07 39 72 32 40 44 97 18 58 56 92 02 10 12 32 38 14 08 70 92 19 31 36 25 54 26 12 01 82 46 16 
40 85 87 24 76 82 20 94 40 27 85 93 36 48 76 26 61 83 95 52 01 77 87 26 82 65 89 82 46 35 97 85 71 35 60 46 17 80 39 56 58 75 48 46 22 23 71 34 58 65 86 58 41 72 35 74 36 24 55 33 58 52 70 80 86 29 25 02 60 16 09 18 90 08 63 64 83 33 97 40 49 34 97 89 06 84 62 93 59 68 78 68 19 47 47 57 75 71 10 35 
86 19 04 28 78 66 91 60 98 39 99 46 73 96 86 30 31 99 22 89 66 99 56 37 97 02 45 72 24 54 58 10 24 61 37 02 78 79 61 27 17 60 24 41 07 61 70 89 59 44 77 76 94 84 64 91 37 08 14 60 14 23 69 37 35 05 90 12 35 51 38 52 62 61 92 20 73 14 60 83 57 36 58 02 71 74 92 07 33 57 66 46 79 35 35 13 91 24 76 26 
26 13 29 39 25 72 10 97 85 69 79 93 04 89 95 74 14 38 32 46 95 98 44 25 32 78 38 74 01 13 51 79 78 31 17 54 03 27 51 39 95 81 32 51 21 78 76 34 15 08 32 61 05 75 86 88 52 75 13 04 39 64 82 16 94 99 70 48 77 72 87 71 52 70 21 73 47 49 58 13 56 89 26 12 63 63 51 14 37 63 70 75 78 51 91 24 01 12 23 77 
83 09 48 86 30 20 58 28 68 16 93 75 56 18 38 19 80 40 84 16 03 53 42 32 04 84 07 04 95 30 81 29 38 80 15 20 51 24 47 19 91 39 45 47 56 35 65 87 74 100 54 28 53 96 60 08 79 18 63 26 47 95 54 37 74 20 56 77 44 02 95 34 93 91 80 48 25 96 87 51 96 40 78 100 35 37 07 66 07 21 43 53 16 48 89 41 68 96 17 11 
50 63 44 42 06 76 41 30 71 27 80 66 67 10 65 53 98 23 70 04 44 64 57 59 12 97 51 31 93 20 41 94 82 36 35 87 11 75 69 34 54 100 99 72 09 16 24 07 38 46 10 33 09 18 43 72 15 94 02 59 65 94 52 46 82 38 85 44 64 05 77 17 56 28 88 17 43 64 75 32 09 36 17 69 54 59 41 20 04 94 78 68 88 81 66 69 18 50 12 81 
06 41 98 61 68 37 77 62 100 51 45 08 87 61 77 92 72 69 11 75 62 40 95 49 20 60 69 89 61 33 69 66 73 18 26 40 55 55 53 06 05 97 66 43 10 94 34 81 62 96 55 75 35 01 76 54 60 44 42 20 76 63 85 100 32 63 91 38 17 43 44 73 40 09 16 49 54 01 81 15 97 87 89 83 88 16 37 47 60 30 19 87 44 55 87 76 17 29 65 85 
72 08 58 63 68 25 11 21 77 43 87 73 29 28 08 16 43 96 15 54 25 33 93 21 87 31 48 56 59 12 40 30 72 49 92 91 73 54 64 02 96 02 26 25 29 33 92 24 28 06 29 05 90 21 25 77 51 24 84 10 87 23 39 58 72 83 01 96 36 64 97 84 65 23 60 46 07 51 21 35 57 49 39 46 70 15 74 20 38 57 81 24 32 72 34 55 54 34 50 41 
49 99 24 13 73 83 10 79 86 30 13 42 79 03 39 48 17 65 19 54 21 100 30 52 23 63 06 76 96 08 68 96 58 44 08 82 78 18 60 63 47 25 04 77 27 95 24 44 59 95 49 31 46 78 83 68 92 40 95 87 99 62 82 08 05 42 89 83 11 01 45 09 25 01 86 03 47 09 46 05 55 47 35 100 24 69 67 16 61 61 54 11 23 88 19 79 81 07 13 91 
07 58 51 83 10 36 86 56 97 83 12 51 29 98 51 05 67 17 72 79 78 77 89 52 16 07 82 48 66 95 38 24 04 41 07 13 76 44 20 72 26 83 23 07 80 73 63 98 41 86 76 70 14 17 21 30 23 03 77 40 49 67 64 52 07 22 64 34 65 35 06 42 17 80 100 48 04 62 46 44 99 73 66 13 89 86 94 64 40 22 03 40 40 18 91 98 39 06 32 03 
40 89 97 08 68 96 56 71 10 53 66 08 77 31 72 18 69 17 81 60 39 83 100 78 01 90 76 91 96 59 94 87 47 42 95 14 37 02 36 98 06 01 06 34 32 29 51 52 46 31 11 36 66 10 13 18 52 40 08 99 98 53 85 44 94 31 57 83 84 44 80 41 45 37 75 28 66 77 79 63 08 89 98 25 51 62 42 54 02 01 52 51 06 88 95 51 19 03 33 54 
47 13 95 43 01 21 70 18 97 48 80 56 88 29 80 90 91 73 43 44 26 46 94 31 34 40 33 52 43 66 57 41 30 51 83 82 23 04 100 20 51 31 27 90 60 59 32 02 31 74 45 08 20 90 90 53 30 23 56 24 40 12 16 69 15 98 02 89 53 01 60 03 32 87 44 91 45 75 44 27 01 88 35 20 29 24 24 10 98 31 33 37 94 48 57 08 97 59 49 49 
59 08 03 42 94 99 84 38 73 27 17 25 66 51 96 95 26 19 04 24 01 89 60 95 88 69 54 37 27 02 37 37 10 92 79 55 90 62 45 14 89 61 39 06 11 34 100 88 05 56 11 05 96 23 51 83 91 05 71 69 06 08 05 67 99 83 22 40 97 66 53 37 26 43 42 88 77 94 75 33 49 38 37 44 60 88 78 50 44 49 70 01 08 74 68 06 09 41 45 57 
06 49 93 83 92 34 22 20 27 96 52 27 33 40 22 92 79 100 93 22 100 62 23 07 88 42 64 96 82 60 04 39 08 96 73 51 81 94 70 60 41 73 86 74 13 60 17 43 11 62 65 10 75 39 68 62 32 31 09 65 42 12 55 49 59 27 100 40 72 21 99 12 94 36 37 58 95 54 100 05 67 16 66 41 06 33 55 37 15 15 53 56 79 07 57 37 85 08 28 56 
28 78 20 73 66 56 30 60 61 30 17 27 97 34 20 03 19 26 91 33 40 44 41 70 50 49 59 87 56 86 42 35 16 13 08 81 69 89 92 29 70 60 56 67 94 27 69 12 52 59 96 91 54 88 61 56 36 71 42 91 56 35 78 23 48 85 03 16 73 95 96 43 06 51 61 99 77 81 62 28 91 10 71 45 97 83 100 85 53 41 27 60 75 04 83 74 88 37 89 13 
31 85 07 89 87 67 87 16 99 01 95 89 10 17 33 58 51 32 42 03 24 69 15 99 72 97 24 12 85 13 24 68 49 82 56 87 100 42 54 98 94 01 86 03 17 19 13 68 02 06 22 26 74 36 76 98 84 99 09 21 63 84 88 63 17 43 50 16 36 55 13 30 55 50 84 24 68 96 43 22 02 16 47 27 04 74 24 39 72 84 59 35 19 46 97 35 88 98 02 24 
05 66 05 59 16 88 34 35 36 76 56 89 44 54 15 47 27 91 85 99 26 44 85 45 89 33 31 29 83 33 04 87 98 08 97 13 95 31 100 82 58 55 70 01 09 85 47 35 27 84 85 52 27 21 96 67 54 79 47 36 63 50 22 60 57 18 25 04 100 24 85 10 30 55 10 90 91 09 25 17 92 61 68 70 82 16 88 87 46 35 74 08 84 47 19 93 16 95 96 16 
70 32 25 100 38 86 89 28 94 65 96 37 78 16 58 11 83 98 97 28 32 70 87 67 16 05 11 31 52 58 98 21 90 22 72 27 08 13 07 53 29 54 42 06 69 51 16 51 48 12 30 31 33 16 98 48 73 60 31 24 18 28 96 07 02 68 85 61 32 43 13 60 97 06 66 65 57 81 68 04 45 97 87 77 65 36 77 89 95 59 64 12 38 59 70 39 78 55 99 09 
97 64 69 93 21 34 10 77 66 77 33 62 25 19 91 41 54 19 29 48 77 44 12 14 03 81 05 32 35 55 41 84 18 61 76 91 46 37 67 63 13 51 25 90 21 15 30 74 85 11 74 61 54 85 26 08 65 82 40 52 37 32 35 06 44 62 96 89 99 15 51 63 65 27 52 86 93 34 11 77 44 84 89 49 20 15 57 37 48 48 88 84 31 74 42 26 35 37 66 85 
03 68 48 20 95 51 05 87 84 67 64 79 03 52 28 22 18 36 10 66 35 97 01 17 70 42 42 57 31 07 93 85 74 92 04 20 43 60 07 78 27 22 57 29 25 36 02 95 23 12 60 09 60 12 77 82 06 18 90 36 76 82 20 01 74 76 73 68 35 31 45 61 52 53 41 28 40 95 22 14 58 33 22 17 45 98 50 02 67 39 37 94 73 08 47 98 83 19 65 70 
49 09 30 52 14 23 79 53 17 53 67 74 85 40 42 81 90 44 82 56 34 70 02 06 30 48 03 64 66 19 33 14 28 63 65 93 37 95 45 53 47 63 78 32 55 71 64 44 14 98 51 48 67 52 05 48 99 60 12 16 78 44 29 57 58 45 49 94 40 46 98 86 60 75 69 14 98 85 57 11 82 60 10 100 11 67 48 62 78 11 77 55 54 58 64 64 02 64 57 93 
09 07 79 21 33 99 34 30 83 43 93 64 02 54 16 64 20 15 77 97 25 54 04 30 63 67 93 16 82 02 09 43 08 39 63 40 37 96 70 20 90 62 35 91 67 02 07 87 16 83 35 92 36 38 22 50 56 66 66 38 67 74 80 74 12 94 66 48 89 35 19 79 48 06 21 14 07 27 52 75 10 87 66 97 76 87 47 84 53 12 73 71 37 04 45 48 97 62 47 85 
48 18 15 95 23 36 60 29 14 64 03 23 50 21 72 77 07 70 60 11 33 32 82 69 35 78 68 31 39 14 68 86 83 82 32 05 69 43 86 83 06 40 57 07 60 80 36 19 49 95 29 81 27 62 49 13 91 68 44 81 34 63 18 16 44 01 21 65 96 58 99 01 97 55 60 09 87 95 27 35 41 07 16 19 21 16 32 63 84 27 44 69 89 13 84 84 14 56 100 09 
13 98 61 62 05 72 22 91 66 100 25 59 58 92 77 30 60 08 93 95 86 88 63 74 100 46 10 13 54 09 73 66 59 34 79 63 05 52 53 23 51 29 81 09 21 57 38 32 17 30 26 02 17 88 28 69 85 89 81 38 97 54 56 55 39 86 69 95 38 21 17 88 50 49 48 22 58 38 53 74 19 78 27 88 17 54 56 53 94 88 91 91 93 98 97 31 83 66 26 72 
38 94 12 39 95 59 60 52 48 12 77 67 41 03 54 09 09 61 62 02 48 52 44 41 01 93 23 35 10 100 07 47 94 18 86 40 28 97 91 76 09 19 94 01 73 47 10 33 07 71 87 06 74 82 46 26 74 69 60 83 68 18 82 13 87 19 52 67 15 94 42 75 12 87 76 37 85 37 69 43 59 55 48 84 37 94 09 62 14 20 45 33 38 78 46 24 96 49 90 10 
95 83 37 58 69 64 94 05 100 63 47 10 17 95 93 05 40 53 67 53 72 63 85 09 40 82 85 87 83 26 48 77 61 84 34 81 47 28 86 98 90 32 07 58 26 99 15 65 51 81 69 75 95 06 35 86 87 19 72 69 97 71 45 57 55 31 37 53 58 74 51 99 06 57 56 83 08 22 100 58 02 20 84 48 25 19 33 12 37 56 32 85 27 29 41 33 59 30 85 68 
03 35 66 60 44 73 95 51 95 46 60 96 65 44 44 90 62 28 53 50 84 84 35 10 64 27 94 74 56 78 41 11 65 06 22 08 79 16 58 73 61 17 20 78 12 15 67 73 43 71 75 78 06 09 39 70 35 32 43 43 09 84 05 73 41 78 80 19 46 89 43 06 58 63 35 21 77 01 94 71 23 68 48 29 28 38 98 14 69 92 08 78 27 12 02 68 90 34 86 35 
74 81 92 31 43 79 52 71 31 97 94 54 16 93 82 43 31 31 08 99 74 16 28 01 79 82 20 20 15 57 06 40 37 50 71 79 28 74 02 58 22 95 11 89 87 44 83 17 26 90 68 100 05 47 52 36 28 71 55 42 27 61 34 64 10 04 42 89 29 95 46 02 89 09 90 28 04 72 96 30 13 63 29 18 10 80 05 37 50 59 31 28 19 64 91 80 19 85 68 99 
79 14 52 20 74 41 47 77 64 42 06 76 05 86 45 66 17 01 54 66 60 84 94 78 99 36 10 69 20 77 67 51 42 70 70 15 62 16 92 25 09 49 53 65 35 49 30 51 50 84 69 61 19 14 38 70 01 99 38 21 76 57 23 17 26 92 84 88 59 27 64 67 75 68 32 61 69 13 64 70 96 84 30 67 97 19 36 97 18 73 69 93 81 43 61 07 34 44 46 44 
70 09 63 97 77 46 09 97 58 72 66 06 55 95 72 03 13 59 52 30 31 72 74 64 15 35 70 100 30 15 44 52 75 58 100 03 03 08 99 60 80 64 65 86 10 88 41 23 46 92 04 29 15 30 92 29 64 13 81 45 79 76 96 53 33 47 56 35 55 06 94 86 22 11 23 31 50 63 05 48 06 09 76 21 38 19 01 53 83 81 49 61 56 97 13 88 43 20 22 97 
78 68 82 99 30 05 29 79 19 86 26 25 94 53 45 83 23 97 87 05 30 35 65 85 31 30 25 74 01 98 22 78 17 56 28 46 12 09 77 30 94 54 54 39 07 50 73 81 99 59 38 28 45 54 12 76 83 88 01 36 86 22 65 02 77 45 100 88 53 76 70 98 29 23 88 87 25 60 68 23 18 05 50 14 10 13 89 45 53 89 80 90 63 96 43 91 40 42 79 44 
17 48 41 98 22 28 84 98 87 03 20 56 59 21 70 69 86 10 13 90 51 44 79 65 39 21 55 79 63 85 74 31 32 15 28 06 94 64 03 81 18 75 88 77 47 09 45 84 71 09 25 21 52 03 85 42 24 39 72 38 24 46 20 07 60 100 64 53 63 19 85 80 45 25 08 43 33 04 79 03 12 03 75 15 06 11 57 81 50 28 70 25 25 89 83 84 40 99 89 02 
17 25 34 13 01 93 55 86 97 33 40 60 36 15 75 41 25 83 73 26 10 42 02 35 82 85 70 22 83 10 75 51 87 60 63 87 53 17 72 49 02 12 08 37 78 34 29 02 16 01 80 78 94 81 64 75 17 85 48 51 47 23 01 33 34 15 19 86 84 43 86 85 06 46 73 83 31 01 36 47 53 15 76 46 48 39 72 64 75 20 15 21 94 67 53 27 34 24 65 17 
66 50 53 71 47 25 53 78 25 40 76 77 55 51 74 02 41 45 65 15 16 31 36 09 50 88 88 83 63 52 99 28 53 03 50 100 27 54 29 51 94 04 79 100 54 04 01 94 48 17 60 16 100 95 76 49 35 63 83 97 66 33 77 19 35 78 70 61 84 98 63 77 01 93 76 06 96 28 51 95 96 10 10 95 57 86 43 91 100 25 39 66 57 67 84 91 97 53 03 80 
02 65 08 54 57 83 11 04 62 61 99 57 22 60 52 78 45 46 20 45 23 11 10 79 77 45 22 25 49 76 04 50 41 11 55 49 45 65 53 06 25 03 63 98 62 66 76 59 11 47 55 85 57 16 16 86 12 37 10 60 64 14 61 04 76 15 05 21 79 09 26 55 11 40 52 24 57 79 82 20 26 88 04 82 55 19 19 66 07 81 25 71 46 85 26 21 51 30 41 29 
38 19 35 100 10 87 24 67 65 57 38 90 45 41 24 99 60 94 17 66 74 41 88 19 78 14 40 28 43 32 09 33 50 43 32 12 29 55 30 46 64 67 35 60 59 10 10 18 04 26 36 77 67 75 96 96 88 87 23 31 18 83 15 20 26 46 31 54 53 12 99 68 78 86 27 36 95 36 06 50 14 93 27 80 67 74 27 07 60 49 37 77 32 03 96 09 48 78 14 52 
89 65 19 66 50 97 54 96 33 11 46 46 55 24 77 21 97 03 27 56 03 15 84 86 17 80 94 17 57 60 20 46 24 91 63 73 87 68 20 71 78 17 16 32 40 44 05 88 98 83 95 53 98 79 90 66 10 84 34 18 43 06 15 18 96 78 42 82 45 61 53 75 30 20 58 21 16 62 09 65 45 55 17 94 85 07 59 94 42 45 64 36 50 78 53 97 07 94 78 52 
06 82 78 35 54 35 56 21 97 16 85 93 70 02 86 07 60 44 100 01 40 63 88 89 93 40 85 99 85 15 02 90 48 79 77 53 14 84 73 62 51 10 54 20 63 91 78 22 86 78 74 26 92 61 66 84 52 03 83 36 17 84 77 16 15 05 21 28 88 93 41 38 54 46 10 16 36 87 89 21 16 62 98 08 74 64 43 77 66 77 64 34 61 41 01 75 45 21 54 85 
66 46 22 19 91 83 87 78 70 75 50 85 89 48 44 62 63 39 91 28 15 54 13 75 94 13 01 91 86 06 75 51 51 48 21 93 31 07 22 100 82 72 36 70 71 32 83 33 70 73 12 84 27 76 11 72 40 11 62 25 17 88 75 19 36 48 12 66 54 33 17 87 56 04 08 26 35 91 10 56 15 73 92 93 48 02 65 88 64 78 12 80 18 39 99 53 38 62 70 91 
46 38 78 02 41 85 79 28 27 89 35 94 13 26 86 61 27 02 100 91 32 63 22 49 01 72 53 90 33 22 81 79 11 10 32 51 46 10 30 25 50 65 18 63 90 55 75 69 09 74 11 40 36 32 40 89 56 92 78 88 65 10 18 75 19 01 77 17 63 59 41 12 23 58 26 64 64 52 84 72 77 94 11 13 26 02 53 81 93 82 20 09 44 90 35 62 42 12 30 04 
70 70 68 44 27 45 07 91 97 91 14 73 84 25 37 61 78 41 93 23 23 65 31 66 06 66 79 47 29 09 03 98 78 70 41 57 14 99 99 10 41 12 35 77 88 23 37 66 64 82 88 38 98 70 55 03 35 33 01 63 93 03 12 23 72 52 31 86 03 29 47 43 92 33 19 80 56 08 97 19 41 84 08 38 05 62 40 40 94 40 54 39 95 66 61 66 69 91 03 23 
71 02 66 62 34 36 93 41 43 89 11 35 24 18 72 29 79 63 20 25 55 25 15 49 90 27 14 11 69 69 33 39 70 50 52 55 86 97 48 80 85 58 15 61 28 38 41 58 01 60 34 55 36 48 03 78 74 68 88 42 36 72 32 57 74 36 64 11 32 11 42 68 20 08 28 47 46 68 05 46 79 38 100 15 38 54 92 63 21 31 57 09 54 88 17 27 75 80 89 06 
90 31 74 10 38 53 08 83 73 64 80 51 02 31 17 91 84 60 53 57 42 09 17 96 49 33 74 23 13 63 81 54 45 06 15 82 58 23 17 30 38 96 33 91 27 49 81 62 61 34 18 02 94 34 49 42 19 75 17 31 37 97 36 81 02 51 14 11 25 30 41 62 26 25 53 04 73 33 65 85 18 35 87 64 20 87 57 38 61 73 20 97 21 56 29 74 06 43 85 30 
24 77 43 01 01 95 04 25 80 21 10 49 07 48 12 26 34 69 16 95 41 35 43 14 90 24 39 95 66 75 76 41 51 19 42 03 65 97 80 44 17 89 93 75 88 56 01 21 24 16 15 17 02 10 30 92 33 20 38 50 95 14 90 45 84 83 100 48 80 79 44 48 19 88 23 06 43 23 26 67 90 93 35 91 02 64 34 86 83 72 35 29 37 76 74 20 59 25 19 38 
03 14 37 21 01 59 26 96 33 03 62 74 95 96 17 48 11 50 33 45 21 19 74 09 95 99 28 05 23 99 94 77 12 30 49 65 41 26 60 73 28 73 47 75 20 63 74 30 64 07 26 37 77 51 45 23 49 25 79 23 23 72 99 86 54 99 50 94 24 61 18 52 33 16 78 52 30 51 33 94 09 11 30 86 61 26 60 10 50 39 84 24 10 35 10 15 33 11 08 57 
72 26 60 56 41 37 60 71 87 44 16 48 54 97 33 67 22 44 28 72 82 11 95 44 45 56 58 78 67 18 86 90 95 45 97 87 33 08 09 71 04 24 18 57 20 02 75 94 46 02 65 79 13 11 22 09 67 32 38 85 49 23 26 95 19 22 81 51 82 90 74 85 65 43 93 85 45 68 78 42 69 94 72 33 04 46 42 22 77 79 58 77 54 83 71 72 57 03 75 38 
92 48 22 57 42 14 93 86 33 22 79 54 67 51 86 22 48 79 44 24 10 01 52 63 36 74 86 92 76 60 29 20 59 02 28 01 67 72 38 52 93 69 05 11 71 42 32 18 21 75 93 82 28 96 96 63 69 81 06 96 93 34 15 03 87 94 55 05 65 45 56 09 13 60 19 35 02 03 04 74 77 96 07 56 91 02 70 11 34 75 06 26 60 73 29 46 18 35 51 83 
79 58 43 43 18 14 77 71 16 80 44 44 27 50 100 69 03 21 79 36 96 37 62 55 61 42 53 78 76 55 12 07 12 55 49 29 20 26 99 35 57 94 78 84 95 29 52 49 02 83 85 97 71 98 03 31 91 55 08 18 09 20 24 21 26 73 01 45 50 52 31 06 45 60 41 92 41 93 40 42 27 76 90 97 73 92 27 63 47 86 33 07 57 56 79 82 80 80 78 29 
31 08 87 27 68 27 70 60 71 62 01 97 37 90 45 10 81 71 24 79 09 08 38 65 16 16 99 95 47 76 76 29 36 14 56 55 40 77 14 63 38 14 59 75 55 04 36 87 26 11 66 34 19 03 51 86 70 49 80 17 76 07 45 63 20 52 17 12 81 82 74 18 47 84 44 01 39 31 88 65 94 05 50 64 59 100 49 28 100 28 96 28 87 93 90 06 96 59 17 76 
