100 100 88
01 66 38 54 19 83 06 84 81 12 09 49 76 05 17 60 24 86 64 08 13 68 87 29 66 54 43 42 56 48 20 56 25 57 85 20 51 02 79 19 77 87 67 40 67 59 11 02 32 74 73 44 29 71 72 07 37 03 24 68 50 43 11 75 75 07 70 37 73 60 31 61 34 73 13 76 43 87 77 74 49 61 30 77 20 77 59 56 79 59 11 41 13 21 03 64 03 72 12 75 
19 19 24 28 03 12 15 46 10 67 31 58 15 36 47 34 25 81 65 15 51 75 55 64 71 33 15 74 80 26 36 74 20 35 13 23 46 03 68 56 45 74 01 60 22 23 05 46 16 46 36 66 32 67 17 79 11 31 40 03 33 75 52 52 22 65 74 43 43 29 74 88 15 75 59 12 09 39 57 24 84 68 66 04 46 82 82 57 25 33 35 57 83 86 84 80 38 70 35 81 
10 20 80 88 70 26 11 79 64 43 78 36 23 31 15 68 25 08 12 25 16 46 57 74 20 52 42 57 33 76 49 19 71 16 82 53 41 05 19 81 23 72 04 45 15 18 01 15 01 12 39 80 58 07 65 53 58 18 21 67 69 46 61 28 61 30 56 78 34 50 70 33 09 73 77 23 02 53 13 02 65 51 57 10 33 33 62 67 27 82 21 71 15 57 10 76 86 41 65 32 
02 22 40 11 06 28 09 71 81 86 48 33 48 16 42 57 48 79 35 50 48 55 33 63 23 18 50 20 59 02 27 36 23 66 22 28 70 07 74 38 04 33 70 27 48 87 83 07 77 29 33 12 59 41 74 57 58 11 53 04 12 79 16 10 33 37 13 78 19 86 27 22 30 72 49 77 46 19 60 10 48 04 21 82 44 07 51 77 17 15 57 05 69 72 14 77 84 03 66 15 
88 68 36 30 27 60 82 48 79 29 57 14 08 78 07 27 60 33 16 52 23 72 32 68 31 22 56 26 24 10 40 23 77 52 28 80 23 86 39 77 26 72 02 34 61 73 60 08 81 51 59 16 10 67 83 40 88 26 66 23 35 81 21 88 44 49 55 43 22 05 07 47 52 09 56 24 57 04 07 49 54 42 40 40 20 10 79 19 12 32 41 46 25 37 21 44 61 51 62 82 
32 69 17 83 77 72 19 21 75 01 45 17 42 85 56 61 70 46 79 81 54 07 15 78 44 35 09 16 86 71 10 05 51 26 87 15 73 81 11 36 82 55 52 35 51 19 08 09 40 62 01 69 69 15 58 88 26 43 15 87 25 88 03 51 01 01 41 74 82 51 21 75 17 48 85 44 42 04 52 57 42 28 38 22 43 71 85 44 25 11 42 25 75 20 75 51 20 27 12 77 
77 08 39 70 55 36 25 08 15 52 41 56 79 78 53 09 60 49 52 85 36 69 21 86 88 72 48 84 10 60 72 63 67 87 20 10 10 44 81 24 71 33 56 61 22 84 70 82 45 09 54 56 78 74 53 77 33 12 72 43 47 32 81 02 30 12 75 39 31 67 38 13 76 69 49 73 65 06 66 21 15 07 52 68 57 16 32 01 03 80 19 26 23 11 27 28 86 13 42 28 
55 55 16 42 36 65 27 12 70 68 08 60 51 59 39 19 50 71 19 52 38 38 77 60 24 79 63 22 67 16 25 10 70 41 27 17 17 53 04 62 09 11 10 59 69 24 53 30 70 71 58 19 84 22 78 20 77 28 17 31 43 41 40 01 81 67 81 73 07 85 23 79 07 32 49 52 31 77 57 13 60 02 31 31 88 85 50 76 24 42 18 43 83 58 43 51 12 11 12 18 
07 10 09 78 17 33 17 47 22 49 59 57 51 66 87 50 62 25 13 61 42 30 15 12 63 33 63 74 44 50 68 26 35 76 79 51 84 71 73 81 32 20 49 58 85 24 83 34 24 07 06 65 12 85 77 75 29 27 36 48 52 15 74 86 66 40 24 38 23 08 30 30 27 55 87 87 54 57 08 77 63 14 53 50 74 41 36 14 43 48 38 06 38 23 03 80 38 26 29 60 
10 34 65 12 88 63 11 53 31 18 17 69 07 70 31 80 86 42 70 41 65 19 46 15 17 25 06 54 26 34 02 35 43 66 47 43 17 33 71 23 26 88 68 09 45 74 64 42 27 21 58 68 39 80 82 31 16 63 85 17 08 62 52 50 15 74 68 07 82 27 30 83 26 73 67 46 58 43 87 60 63 33 39 78 24 08 20 15 70 80 31 53 53 58 79 44 19 58 50 76 
60 55 71 85 39 25 18 08 67 17 44 18 49 58 07 48 66 26 62 47 82 68 12 46 38 02 65 32 35 27 20 07 81 66 67 08 02 85 79 45 77 34 62 13 04 44 60 69 45 09 03 38 52 14 60 65 79 36 09 02 62 04 08 31 69 50 14 46 22 04 02 10 14 63 22 17 82 57 61 39 41 63 76 05 53 47 69 19 83 53 20 32 56 03 38 36 53 51 82 74 
55 59 60 68 10 57 60 03 26 08 41 42 46 29 22 74 51 03 05 21 55 24 29 87 27 66 34 55 05 03 16 35 62 75 78 71 44 49 49 45 32 02 86 77 06 20 63 32 86 67 53 28 66 81 26 68 34 36 34 14 38 50 48 75 12 13 33 55 37 82 75 68 83 73 57 64 68 07 07 41 73 59 68 26 27 70 06 37 17 15 50 30 40 74 17 52 86 49 82 35 
18 69 78 76 29 46 51 08 52 58 24 12 04 03 14 07 72 19 43 64 09 68 06 25 29 22 52 03 46 45 13 40 01 02 27 29 48 78 12 75 23 35 63 26 14 76 08 61 70 26 37 54 06 42 78 10 39 41 12 60 62 24 11 62 26 38 67 49 03 54 11 25 01 73 26 78 36 34 50 81 59 86 47 40 15 12 50 53 53 37 01 02 61 11 63 62 48 17 22 26 
71 32 50 71 81 76 36 04 85 85 85 31 59 43 71 73 30 08 14 82 44 14 83 80 24 34 53 48 50 74 73 32 82 11 78 74 62 25 77 58 86 49 64 56 67 22 16 09 29 29 02 49 42 61 40 42 70 69 65 31 54 49 39 23 59 28 72 32 29 61 65 26 85 17 57 64 38 72 72 43 13 49 03 30 85 18 47 66 86 23 09 28 72 23 26 18 26 10 26 30 
46 66 55 42 82 87 17 32 71 64 74 59 25 52 64 21 69 23 87 43 45 71 46 28 69 71 22 06 80 47 36 37 24 66 55 18 65 47 25 23 23 10 57 47 61 32 43 17 54 41 59 11 87 80 38 67 63 35 49 30 81 60 43 81 37 09 74 77 55 10 75 53 19 43 11 55 75 54 71 40 70 18 50 45 09 64 87 47 74 47 77 67 82 07 59 31 15 44 83 45 
29 70 10 47 24 84 13 74 25 59 26 71 76 51 27 85 02 01 43 76 24 07 30 17 13 64 23 03 83 18 24 23 63 09 69 62 68 57 48 05 27 49 51 15 75 77 75 77 53 05 40 76 12 69 69 88 44 03 67 14 84 02 36 58 74 80 32 53 48 55 57 50 79 19 40 65 71 26 29 12 31 68 87 18 24 67 17 43 46 83 56 41 60 67 11 45 58 18 10 17 
48 42 43 38 37 82 14 83 20 19 06 26 86 69 43 86 47 35 40 68 06 72 21 41 50 07 86 20 88 71 12 47 88 54 60 36 48 49 31 43 67 12 68 65 80 86 38 15 08 77 82 77 60 14 30 86 84 03 17 83 73 04 17 72 58 76 84 81 13 26 35 79 37 78 31 05 51 68 19 58 57 12 47 04 02 76 65 85 78 81 56 38 85 72 21 30 36 16 86 24 
17 32 14 30 85 45 34 47 24 52 80 56 39 38 36 40 01 12 37 54 69 04 03 41 51 88 46 62 79 43 85 72 50 75 77 46 31 22 68 30 49 59 86 87 73 09 39 49 20 51 15 64 30 81 16 80 56 37 30 47 79 02 06 40 76 82 61 18 79 40 24 15 75 21 13 59 05 27 19 88 77 09 64 18 02 55 74 33 04 79 55 82 80 60 10 44 29 70 37 19 
86 60 33 72 56 22 18 60 48 12 60 13 85 11 06 62 65 55 06 68 45 61 38 13 32 47 32 37 04 68 55 01 16 64 48 71 85 41 43 20 29 78 32 25 88 14 86 64 68 03 20 01 39 57 77 47 79 20 83 82 87 25 59 14 88 82 61 84 35 79 80 39 68 87 63 67 12 36 18 80 14 13 56 53 45 44 11 35 63 69 05 37 05 39 27 05 08 63 64 42 
53 55 56 32 54 30 74 41 65 67 32 55 80 63 19 12 18 05 23 56 73 03 69 77 41 71 81 48 45 33 66 09 87 33 16 28 39 01 69 79 43 76 45 10 51 39 22 44 43 44 12 27 46 56 80 62 38 72 85 82 80 38 02 79 71 17 82 85 81 38 75 11 26 08 21 52 46 18 07 01 61 82 03 82 49 82 31 86 42 27 79 33 65 56 87 23 48 81 83 40 
30 69 51 55 52 47 82 10 64 01 74 12 82 76 05 19 70 11 16 23 37 71 55 77 14 54 11 62 22 05 13 51 50 39 82 77 85 75 86 36 51 71 47 21 59 27 39 16 37 30 14 50 76 68 38 02 09 25 63 30 05 51 57 30 66 26 19 62 76 16 10 39 63 32 35 09 59 73 24 71 78 37 32 66 80 70 43 65 06 81 70 10 43 14 40 20 39 34 58 27 
49 43 41 23 74 75 07 20 35 30 03 24 42 34 65 10 79 19 74 60 75 55 46 30 45 61 25 83 06 82 85 54 12 13 53 62 87 59 81 09 65 59 33 18 69 73 27 59 68 76 31 54 19 52 59 63 24 84 57 29 53 30 82 41 42 22 14 17 81 70 25 57 41 33 50 85 18 77 31 61 40 37 02 58 88 61 32 23 32 65 51 84 06 21 36 47 42 25 39 34 
07 64 66 23 08 28 19 01 80 25 37 31 62 39 65 61 11 08 60 42 72 22 13 53 42 25 76 60 49 26 05 55 01 47 77 73 50 71 49 17 08 86 23 69 12 87 17 22 07 76 39 54 74 27 19 27 51 06 62 12 31 43 42 08 01 31 56 26 77 16 42 84 77 64 40 88 63 33 85 45 20 35 74 05 38 68 08 88 49 69 75 56 23 29 63 87 35 30 24 87 
21 65 59 10 17 10 09 55 42 06 75 38 16 60 18 29 16 25 29 64 70 79 31 68 83 69 43 29 74 66 28 07 19 86 80 11 71 88 65 01 69 27 38 61 86 31 01 77 56 05 29 13 84 35 56 78 16 10 83 65 52 86 71 46 59 38 56 41 38 08 17 82 34 30 54 07 61 55 84 04 35 24 80 30 58 47 84 49 33 78 26 60 75 72 17 21 22 48 37 35 
55 54 04 64 83 58 70 55 88 41 34 34 40 25 40 74 72 35 34 16 24 35 51 74 83 67 06 80 26 42 02 56 71 05 31 66 62 76 08 37 29 42 47 44 66 86 29 25 32 39 16 31 49 66 80 43 20 85 10 45 14 11 76 85 16 82 38 53 46 21 66 50 38 24 05 16 21 10 16 28 48 32 58 08 09 49 27 29 21 12 49 10 23 13 70 14 06 19 42 27 
16 19 76 53 42 81 68 62 02 60 01 25 03 34 08 75 58 34 15 78 22 40 64 44 52 45 33 33 40 74 60 55 05 47 19 22 15 63 84 80 34 60 16 12 70 24 86 39 33 13 05 54 28 68 73 55 88 17 87 39 67 34 69 47 57 88 68 71 38 39 63 47 75 54 58 56 77 55 70 86 43 50 27 46 29 12 12 05 04 11 43 46 20 24 04 76 87 72 59 12 
22 09 58 08 62 03 39 27 57 21 24 76 70 26 33 75 37 45 79 17 31 09 62 50 08 66 38 70 25 72 81 46 56 50 30 29 52 68 31 85 64 30 48 22 56 80 08 04 12 62 84 42 46 58 68 54 11 81 35 35 64 04 56 31 53 85 35 81 41 66 53 16 07 12 13 62 67 20 42 55 57 13 08 15 70 51 44 56 43 54 66 18 57 34 24 86 30 35 54 46 
12 82 38 82 69 50 56 47 46 73 13 14 85 85 04 43 23 23 10 66 53 76 59 21 85 59 82 26 05 23 48 16 16 85 73 84 46 40 19 03 88 07 81 85 67 60 15 02 83 24 67 23 75 13 43 71 71 13 73 75 35 32 66 51 04 51 22 49 66 40 28 66 23 84 38 01 55 52 02 25 51 44 47 14 33 66 60 15 78 20 66 88 27 19 50 30 45 48 55 87 
87 58 40 85 53 53 86 19 16 63 20 42 83 66 55 27 19 03 17 08 22 58 72 49 53 09 78 09 56 20 71 31 77 22 27 41 74 24 36 65 63 55 19 57 08 49 83 27 51 11 10 49 45 81 09 09 02 62 81 33 82 64 63 46 85 02 87 47 01 10 23 63 40 41 31 47 66 01 49 04 76 35 52 32 27 36 40 04 74 32 37 43 07 75 88 68 76 62 26 53 
71 48 03 22 65 34 45 18 10 05 21 85 39 49 28 42 60 43 21 45 51 33 87 33 20 63 12 71 36 13 11 19 61 14 16 13 23 60 06 32 41 02 29 55 50 32 08 22 51 05 42 13 37 41 45 32 15 33 15 26 45 25 44 81 14 36 05 36 07 74 68 47 76 72 14 37 79 85 34 41 65 52 29 78 68 74 21 58 82 11 83 38 12 15 31 01 50 11 37 32 
85 80 55 72 63 44 84 29 16 06 46 81 57 74 46 36 35 66 05 28 53 87 66 40 77 08 40 38 82 52 70 54 43 36 13 81 55 09 22 70 78 67 62 46 52 19 57 87 61 37 02 01 11 67 16 88 50 31 13 44 83 82 73 37 05 86 06 59 06 27 17 59 69 78 80 08 73 48 70 21 84 72 21 70 50 36 69 76 42 82 07 36 51 79 49 32 76 54 66 57 
56 82 27 36 72 18 19 32 41 01 52 12 72 48 82 09 59 62 60 12 31 66 48 82 57 08 25 20 37 66 77 04 60 79 39 19 73 57 50 01 33 77 13 16 36 70 01 06 19 60 17 50 14 40 19 70 23 43 01 59 84 53 62 55 44 76 73 04 45 10 04 77 86 80 69 33 61 45 14 80 80 07 41 05 46 59 50 69 77 27 15 72 79 77 15 10 64 87 13 84 
09 81 49 70 72 05 79 45 25 04 36 16 10 52 85 32 86 46 76 50 72 02 09 39 54 23 48 06 86 37 65 70 29 25 51 76 05 41 32 29 21 43 21 30 70 81 61 43 38 48 04 86 26 13 36 79 11 59 84 08 71 37 77 75 61 16 63 42 56 70 46 76 25 42 82 70 34 30 25 48 54 04 21 79 80 32 45 03 02 17 10 49 53 63 35 01 78 09 42 21 
79 88 73 79 17 66 60 51 71 60 10 36 64 06 02 55 37 47 33 38 39 19 86 03 81 33 03 46 17 21 66 07 84 26 61 12 67 33 38 50 68 23 85 19 28 63 74 64 85 82 14 35 12 75 37 04 83 15 25 12 35 67 82 06 04 55 18 71 63 55 32 18 78 04 37 81 42 86 57 38 79 46 72 03 32 20 70 03 11 07 78 21 73 71 27 52 13 20 34 51 
50 41 69 39 21 81 08 62 78 64 12 44 21 83 46 52 79 04 30 65 74 19 85 34 66 23 85 54 42 31 17 04 47 61 18 67 53 25 17 18 88 28 61 84 86 83 24 52 86 53 28 47 72 01 80 25 23 76 78 41 82 06 20 41 42 13 83 70 38 11 87 13 14 36 09 76 30 08 39 03 60 43 49 19 19 16 43 41 03 33 57 85 14 52 13 56 65 07 37 78 
82 12 02 07 47 74 82 76 57 09 54 29 51 14 23 69 29 66 85 07 74 30 67 87 81 79 30 57 62 67 22 55 54 24 61 12 73 31 63 42 39 28 46 65 17 68 21 21 21 81 27 06 22 70 05 79 60 10 23 09 52 45 39 17 44 12 28 04 18 02 21 56 29 66 32 45 22 28 41 42 20 68 24 18 49 04 08 84 13 06 69 65 50 19 81 05 06 21 73 23 
86 05 78 03 47 85 47 68 24 64 85 44 43 20 37 67 87 44 38 12 49 18 76 75 37 44 55 42 40 39 65 38 44 30 40 66 27 62 21 26 37 17 45 55 13 81 09 11 12 47 86 61 64 73 47 76 05 13 30 44 28 70 57 71 11 08 24 13 46 44 39 58 60 59 25 48 52 33 35 63 55 32 11 07 81 33 82 85 22 23 16 49 68 73 07 79 56 30 67 77 
73 81 47 20 52 47 44 79 55 78 29 22 21 40 28 77 48 21 73 45 20 01 69 87 49 75 53 16 80 32 05 40 88 27 36 51 73 79 41 39 44 46 60 64 85 63 29 20 60 13 65 55 77 45 29 37 08 58 29 63 01 33 79 88 59 26 27 19 16 43 57 35 88 05 74 60 43 14 80 14 27 32 44 15 52 73 28 35 42 56 10 18 64 88 81 10 01 19 28 80 
38 84 26 37 64 11 09 19 25 64 08 51 71 52 41 10 36 44 45 53 75 30 70 50 05 62 35 05 57 62 84 06 34 85 18 09 07 02 03 31 41 11 57 23 62 74 09 73 05 53 37 80 58 82 17 38 55 52 42 87 25 13 68 34 73 62 43 79 63 21 86 16 31 30 14 68 79 22 52 84 50 64 75 19 57 67 56 88 30 73 62 55 61 42 64 45 15 82 12 53 
15 09 68 45 38 58 01 29 79 28 88 17 04 74 11 60 52 43 35 58 27 09 88 64 50 63 84 40 57 07 04 71 15 48 03 29 17 03 33 71 31 32 87 10 17 74 69 44 28 16 13 30 88 12 05 49 51 01 64 19 07 43 65 86 02 67 26 82 46 58 65 52 01 39 61 81 24 17 12 51 08 01 81 07 76 61 31 38 37 06 56 44 25 32 17 26 75 18 20 32 
75 60 59 51 10 31 19 10 23 06 36 31 06 28 13 58 65 44 07 13 25 39 32 49 46 48 51 32 65 70 39 27 17 73 53 26 15 71 11 14 53 47 44 58 50 32 27 26 75 10 39 76 48 70 36 05 30 86 13 70 43 27 09 59 12 61 61 02 20 47 15 48 05 34 17 55 66 20 80 28 05 06 15 52 76 27 32 81 88 20 38 19 23 46 77 34 83 25 11 78 
72 02 37 52 11 29 18 52 24 74 80 28 79 70 55 42 08 63 10 72 82 48 02 16 69 54 25 63 55 12 28 38 77 64 65 87 69 83 27 04 68 82 32 34 63 62 76 47 36 61 30 30 20 07 21 01 60 22 39 26 09 67 39 85 18 16 59 86 74 85 66 29 78 73 62 29 46 25 75 82 86 80 87 81 62 83 81 33 16 08 35 88 74 49 84 67 40 55 41 25 
27 18 53 17 02 03 21 23 27 07 80 88 62 78 81 35 49 49 43 40 56 53 40 17 14 35 84 29 65 36 54 04 29 18 84 06 84 16 28 23 86 20 86 35 73 78 45 33 15 63 49 70 28 88 87 17 10 58 45 51 69 74 54 09 68 25 14 63 16 17 61 13 36 59 23 85 24 67 05 14 41 53 84 44 28 58 36 38 03 57 64 71 42 29 79 21 29 04 84 44 
20 32 32 32 66 54 04 02 08 08 15 48 37 74 68 64 19 15 77 21 71 52 03 25 56 81 21 60 60 80 79 56 24 22 63 01 51 66 66 58 49 57 82 85 18 61 37 37 75 01 57 34 29 36 34 60 04 54 32 64 46 22 07 45 20 69 21 70 22 87 40 70 31 33 43 48 05 79 84 55 55 29 64 83 64 09 55 43 63 62 18 84 83 88 40 14 44 60 60 65 
34 11 47 64 19 01 88 87 55 59 53 21 87 05 80 38 13 22 57 51 83 50 46 53 50 61 67 05 09 38 70 42 24 04 82 42 68 57 16 10 27 44 06 02 48 85 15 61 18 71 23 76 33 45 41 82 17 19 62 25 32 43 43 31 22 12 48 65 68 63 74 06 18 80 07 66 52 86 14 46 68 36 33 12 56 73 69 73 67 43 73 74 61 27 16 83 14 39 59 81 
13 21 63 07 12 45 48 63 42 61 20 22 72 29 09 40 13 78 88 56 32 72 41 68 11 33 62 88 71 09 81 60 05 55 66 16 75 25 54 29 85 50 26 44 78 34 83 66 87 58 33 06 42 74 74 28 18 23 27 64 07 19 35 11 49 12 26 36 36 56 40 08 17 65 28 70 74 86 47 73 56 56 78 09 41 39 36 34 62 62 09 68 57 44 79 81 55 80 04 67 
47 43 50 39 83 77 20 69 51 43 29 18 10 82 02 26 33 37 59 06 74 43 73 18 86 39 11 29 31 14 71 77 33 08 04 27 61 87 71 23 41 75 16 26 69 17 51 77 29 85 82 14 16 42 32 13 57 18 17 87 31 63 51 63 47 54 66 19 53 24 17 69 11 32 07 55 24 33 43 52 06 12 65 21 53 72 09 85 01 02 83 08 64 46 70 22 75 23 16 39 
47 32 20 57 39 02 23 62 34 65 25 15 76 66 35 16 49 44 13 26 45 71 33 84 28 78 82 15 13 09 29 59 17 24 03 55 25 25 05 35 65 05 49 28 70 60 19 07 79 07 32 11 78 40 06 81 29 63 71 41 48 76 75 64 11 77 06 36 77 74 46 53 79 06 56 60 41 75 42 31 81 49 41 46 88 23 39 29 61 85 45 20 72 08 59 83 60 65 06 49 
26 51 77 16 32 21 52 73 07 05 79 63 54 08 21 29 30 35 33 02 31 78 86 79 61 56 49 32 08 54 56 34 16 21 49 47 41 76 07 47 81 62 85 22 69 17 50 10 27 83 75 34 48 48 24 20 16 72 27 23 13 83 32 28 79 57 50 31 44 33 53 36 06 49 57 74 42 83 59 68 77 21 77 36 69 76 31 60 35 57 82 47 27 02 50 17 58 76 47 13 
20 75 25 01 36 57 74 77 51 20 32 39 16 85 50 84 72 56 55 19 01 25 41 27 26 03 20 59 78 42 71 73 29 07 73 64 64 34 28 02 53 35 17 68 31 66 40 79 10 06 09 10 06 25 36 07 27 55 65 16 73 24 88 13 06 48 52 69 81 55 47 45 01 63 01 08 16 40 86 25 21 70 34 03 06 70 09 09 12 50 24 60 73 88 72 78 23 11 35 16 
65 81 36 42 55 36 49 46 51 22 71 72 67 16 50 48 61 58 56 49 19 56 20 67 31 68 57 53 78 67 68 55 59 16 72 01 27 08 46 78 29 04 37 71 20 86 30 56 31 86 80 26 29 12 04 59 55 36 23 44 14 67 74 72 58 57 48 84 64 70 49 68 73 61 50 68 34 56 12 65 29 03 66 57 78 69 27 44 17 25 88 30 03 49 78 36 18 37 08 57 
82 32 37 67 05 62 22 14 05 33 54 33 36 31 65 25 76 03 45 04 04 44 09 70 68 62 18 85 11 01 30 68 32 42 46 12 79 44 26 84 76 79 04 87 86 69 88 73 47 44 76 50 63 60 08 42 34 25 15 20 25 44 87 32 85 21 44 75 64 69 46 27 35 50 26 32 30 01 16 76 44 67 14 18 15 21 59 48 21 49 67 21 04 41 52 64 37 07 51 12 
51 72 15 62 33 16 05 38 16 85 02 59 39 15 52 53 35 86 76 55 47 54 75 50 71 14 26 19 85 52 07 23 11 21 84 44 12 65 57 27 37 58 61 75 72 88 16 82 85 03 48 19 57 10 45 15 88 46 33 84 09 15 18 19 11 78 38 22 54 07 48 02 64 84 52 24 83 67 17 56 70 41 74 14 26 30 28 25 75 36 84 59 27 78 54 37 67 03 59 32 
73 82 09 25 54 36 48 48 15 40 79 84 80 65 73 18 06 76 18 57 23 14 27 25 03 80 62 69 59 08 76 19 01 60 43 54 07 66 78 85 18 68 80 09 20 40 02 02 27 20 58 26 09 60 50 11 52 23 55 86 30 18 16 07 53 35 36 59 12 01 56 29 45 23 14 64 63 15 65 65 10 10 02 18 70 52 04 09 50 34 06 80 51 85 62 15 31 09 50 19 
74 81 47 30 15 36 05 53 27 46 30 36 55 07 30 36 58 33 20 20 67 25 75 05 86 24 20 04 08 45 22 81 37 45 22 51 80 03 80 18 48 85 30 78 03 59 26 37 67 45 32 45 46 82 50 19 17 45 22 24 01 44 81 37 64 14 63 55 80 30 49 39 26 54 29 29 24 30 41 02 50 72 23 07 65 48 25 81 04 23 80 04 66 72 16 41 62 78 71 53 
84 07 68 21 60 08 25 59 13 65 37 62 48 59 45 24 18 45 80 85 67 48 64 20 31 79 36 68 44 19 33 39 01 12 60 61 83 60 07 07 37 43 68 60 77 24 84 70 45 51 66 23 10 41 43 17 31 78 84 51 72 28 01 73 15 36 21 09 08 27 15 20 46 59 79 34 58 50 16 14 13 81 13 86 10 55 14 16 20 10 66 04 13 43 52 28 54 48 12 37 
74 03 56 07 61 23 41 06 72 32 20 60 88 32 58 09 62 47 01 81 32 42 60 45 84 23 48 26 70 59 62 32 61 30 38 33 52 54 15 11 85 10 71 61 17 16 69 78 62 69 46 06 23 18 26 82 16 73 19 62 43 81 05 80 86 18 88 25 48 14 11 20 23 81 80 39 72 61 04 22 17 50 03 15 43 28 73 58 76 03 07 30 59 75 85 32 05 85 32 28 
10 43 47 09 11 39 47 59 11 51 80 03 76 82 82 30 21 66 63 72 44 70 13 15 56 74 22 60 70 54 87 55 72 22 63 58 60 22 28 46 48 19 48 35 76 17 40 72 82 14 55 38 83 44 28 51 29 49 86 10 78 61 64 37 82 15 07 53 36 10 74 59 05 33 69 80 26 20 64 19 33 06 32 04 49 59 54 77 84 27 62 49 63 14 62 56 28 44 84 39 
53 69 73 33 78 53 25 15 72 64 09 80 69 41 83 06 75 24 82 70 27 32 07 01 45 68 33 48 87 28 62 51 73 46 84 38 10 84 28 57 35 36 48 15 76 19 20 39 18 78 84 20 85 02 21 17 45 29 64 43 32 37 70 16 58 41 53 67 36 80 35 46 04 58 60 55 52 56 05 46 21 01 41 17 66 37 09 23 65 48 41 09 84 22 24 29 62 53 07 73 
20 17 30 87 50 66 54 78 09 34 11 05 34 51 85 76 88 05 10 64 52 26 48 23 48 48 51 85 12 33 46 07 25 51 06 74 28 35 39 12 68 25 16 14 76 12 65 51 16 50 02 43 75 50 65 10 09 27 71 84 35 28 02 59 78 71 45 82 17 59 05 85 84 21 74 47 08 50 09 88 11 74 42 61 35 19 71 19 21 53 78 56 80 56 26 45 38 46 38 31 
17 43 27 76 39 76 34 22 37 18 21 23 03 63 83 14 57 65 08 77 05 86 20 84 53 46 17 66 67 54 08 83 72 34 46 86 85 55 20 09 72 16 31 51 78 02 64 22 42 47 11 47 44 30 18 72 51 34 50 30 64 57 88 23 67 46 85 63 12 16 72 60 07 78 22 61 79 61 82 33 19 68 55 63 10 72 46 36 82 07 65 33 40 65 55 18 86 51 56 73 
42 39 44 49 29 41 21 83 13 78 03 32 58 57 70 43 17 27 78 74 10 31 18 25 71 72 42 68 11 09 28 52 24 72 76 28 24 72 86 37 62 01 44 07 33 25 49 49 27 14 34 12 44 27 36 26 11 53 69 21 38 09 48 61 56 36 64 79 83 61 03 56 61 22 62 70 22 86 30 49 12 40 36 31 66 48 33 52 12 77 48 49 85 08 85 28 19 60 83 13 
09 61 45 69 83 82 26 16 56 56 40 43 71 76 73 24 35 81 52 22 70 11 47 42 82 43 70 76 79 64 65 87 36 85 43 30 78 69 22 45 12 61 87 58 24 48 57 34 40 20 56 21 07 78 39 64 08 20 52 86 83 04 60 06 88 79 12 77 35 33 10 46 69 72 79 05 31 47 14 47 43 45 43 49 34 81 24 42 76 51 15 46 54 75 52 53 41 63 18 75 
71 27 08 51 74 62 31 17 20 21 39 38 65 81 86 11 50 86 28 37 48 42 83 14 04 46 42 44 84 59 06 66 61 13 04 47 74 11 39 70 31 53 19 71 45 81 57 06 78 84 43 13 38 13 02 17 58 44 61 29 78 42 70 27 55 73 49 16 59 63 61 65 27 56 48 71 48 16 53 13 76 71 25 25 83 27 17 28 46 53 32 35 07 13 61 37 85 85 52 32 
59 01 08 85 56 31 44 15 23 72 27 10 54 27 10 24 53 26 27 10 79 58 21 61 70 57 09 42 54 36 49 24 36 33 85 03 39 40 17 61 23 19 70 52 46 55 51 10 57 53 84 23 86 80 83 43 48 03 60 77 38 21 13 74 29 73 76 67 24 69 40 22 87 85 73 44 28 11 30 84 63 25 18 36 16 12 78 39 78 49 28 03 45 16 76 73 88 40 52 23 
20 03 20 82 63 04 38 02 78 67 85 28 67 78 63 58 01 52 08 54 12 11 57 33 26 20 17 25 35 68 23 30 46 42 24 21 21 61 22 74 15 83 13 81 72 75 50 73 14 33 14 02 44 46 34 69 66 50 70 12 30 68 18 75 86 41 71 82 77 05 68 67 87 80 59 70 43 84 30 56 04 20 57 47 65 02 04 18 28 49 06 57 04 23 19 65 63 66 59 27 
46 14 05 44 69 39 01 23 10 07 55 13 02 23 36 66 01 15 84 28 39 01 60 18 23 54 83 61 31 53 87 52 66 67 71 46 17 72 45 02 54 11 14 55 09 25 08 73 15 03 76 53 67 23 71 65 53 41 13 59 05 75 23 46 53 05 67 45 52 23 46 81 09 60 47 82 60 31 42 75 09 30 15 76 28 61 28 80 13 41 51 81 27 73 38 80 77 81 36 17 
15 82 09 88 29 32 57 64 62 10 26 70 15 41 33 43 77 61 34 66 13 60 58 39 44 72 06 09 64 18 25 54 75 09 29 15 40 85 78 13 71 80 59 85 32 03 15 84 63 25 37 51 84 71 02 16 30 71 88 05 88 88 34 74 08 39 64 48 11 30 36 57 21 06 54 28 09 44 87 47 68 36 10 40 18 75 31 47 57 30 27 33 05 36 82 12 50 34 35 61 
63 71 29 59 52 58 62 60 78 60 19 57 71 28 72 88 14 14 22 46 19 24 78 23 60 48 35 85 81 45 57 55 27 62 01 79 07 62 26 84 09 44 53 80 47 12 55 36 26 77 82 20 76 47 43 47 06 53 20 86 09 76 28 36 25 28 02 32 65 27 27 74 47 55 65 69 67 31 17 68 83 74 87 71 32 17 05 14 69 24 11 78 76 39 01 12 42 02 19 19 
04 46 04 26 76 44 07 30 74 87 73 45 72 48 27 79 64 31 04 45 31 15 10 18 29 10 05 46 75 24 64 54 45 43 80 08 86 62 38 48 60 22 04 19 45 06 73 21 12 77 41 42 67 26 35 71 35 16 28 21 15 68 50 59 22 41 66 84 14 79 19 49 77 86 43 33 03 28 29 78 80 45 08 58 70 42 16 16 33 43 12 47 86 62 81 84 78 59 55 68 
25 73 04 77 70 47 22 48 50 26 13 41 71 20 74 28 38 01 20 70 19 07 29 81 68 21 76 34 55 42 13 80 02 80 68 47 38 65 06 63 67 82 79 25 14 64 52 51 40 71 32 35 78 60 27 33 57 14 66 23 31 54 78 32 46 34 78 59 74 59 10 52 52 88 76 41 40 40 03 79 86 35 25 75 70 27 84 14 16 61 37 46 03 02 53 24 35 18 58 21 
52 67 48 16 43 36 56 82 51 35 72 48 45 73 11 02 75 06 16 03 42 28 24 20 29 53 19 64 70 77 60 34 31 83 25 73 30 56 42 56 02 02 80 22 50 66 24 36 71 39 38 88 66 38 84 70 02 14 21 47 02 80 80 09 75 80 57 80 48 11 24 25 12 79 47 61 56 70 72 14 84 86 77 37 35 72 18 12 86 39 58 63 06 26 47 56 17 16 24 64 
02 47 01 77 13 23 49 68 04 08 81 63 05 69 11 39 29 04 26 26 42 84 64 24 21 23 79 37 38 78 77 39 12 77 03 24 11 51 03 78 34 59 28 39 16 38 53 44 17 79 69 35 50 44 58 70 42 24 82 79 14 70 05 25 34 07 49 20 33 27 73 67 86 12 81 13 25 45 56 42 35 12 76 84 31 21 41 73 44 11 39 57 56 20 58 66 02 82 85 11 
20 46 77 17 57 45 05 58 01 36 11 12 23 62 71 54 58 24 14 13 10 52 46 65 47 79 42 49 72 15 59 03 36 23 84 04 67 88 37 67 12 23 78 34 84 37 63 53 36 76 42 45 16 63 85 62 53 39 86 36 29 56 38 64 78 33 43 32 09 80 75 84 14 40 05 74 76 68 14 23 31 55 67 22 05 64 60 57 78 57 04 82 01 42 33 78 50 75 86 34 
42 72 29 32 23 10 17 11 77 06 33 83 37 76 17 41 27 76 10 16 20 13 73 20 30 17 74 56 67 71 01 21 54 06 52 76 15 44 86 67 49 07 61 85 82 53 38 20 40 47 11 36 35 59 55 65 75 40 32 53 22 08 49 75 13 76 39 03 31 12 45 56 18 18 52 75 46 65 70 62 87 56 09 34 26 63 74 76 15 81 17 36 88 65 87 77 53 37 55 59 
24 12 26 18 05 54 04 50 06 50 23 05 17 31 14 19 70 63 06 84 55 22 07 54 63 05 18 27 17 73 61 17 84 63 34 88 04 13 25 09 62 48 77 55 54 66 73 35 40 78 06 06 76 13 36 50 81 53 52 74 37 88 02 08 62 11 71 65 23 08 50 85 31 14 51 60 80 11 71 31 64 76 13 51 64 48 12 57 76 39 18 01 39 83 08 12 05 55 53 27 
38 78 87 44 03 49 15 82 59 61 01 35 49 13 61 24 60 49 56 23 87 49 23 13 43 31 01 47 85 53 74 10 42 72 53 44 09 67 14 43 16 14 53 64 26 26 63 61 50 07 83 48 55 18 37 10 24 37 56 84 01 17 05 18 65 57 37 73 11 50 03 26 39 56 65 64 57 16 12 18 22 07 41 76 88 77 61 23 25 05 82 01 21 86 18 85 30 31 45 16 
80 48 18 07 15 82 70 47 09 58 64 06 40 16 58 39 05 30 37 29 34 30 30 31 03 23 27 08 53 48 23 21 07 16 27 85 10 72 19 82 41 82 64 80 09 33 06 77 62 42 18 72 47 23 14 25 45 16 32 10 63 31 30 45 46 32 17 31 15 35 01 56 28 64 23 13 08 29 01 45 46 82 28 05 16 41 05 61 57 13 46 07 19 51 28 40 82 44 71 72 
55 71 15 82 46 38 70 29 42 71 73 87 40 13 67 56 29 72 28 61 60 73 44 78 35 71 29 04 26 11 75 80 57 02 50 78 15 07 18 56 53 67 54 05 55 33 60 59 80 63 32 51 47 51 40 57 33 68 36 34 55 22 02 23 87 27 77 13 33 70 68 86 48 34 66 14 42 37 73 33 11 80 83 33 42 10 65 50 77 12 83 19 09 84 42 08 86 06 20 31 
75 88 04 35 09 69 24 50 81 72 58 03 63 52 11 80 37 51 41 25 38 12 44 46 07 61 29 05 42 49 11 28 24 14 38 08 58 38 33 50 21 02 28 60 29 14 27 65 64 68 65 13 79 84 34 61 32 63 41 73 87 27 77 86 40 26 69 73 63 13 34 60 78 61 31 18 50 33 58 25 12 10 13 66 06 47 15 13 85 31 86 59 58 50 56 73 75 36 58 26 
24 67 61 13 16 67 06 65 11 63 66 87 48 78 64 53 12 54 42 72 85 39 42 30 88 73 14 50 84 47 51 19 02 23 31 17 01 36 57 76 74 34 74 10 88 25 38 11 79 79 59 51 05 12 56 68 61 45 30 56 04 56 75 69 79 81 85 55 05 53 18 54 63 03 63 62 28 13 72 82 03 18 20 08 30 75 75 66 07 80 33 74 24 83 54 78 76 50 44 56 
79 62 21 53 40 84 26 43 72 73 12 50 03 31 33 08 81 84 49 88 75 81 73 10 76 39 87 39 64 19 06 30 56 02 58 71 85 59 26 44 20 37 06 86 44 38 69 36 33 29 11 84 21 60 69 72 74 44 86 25 38 67 55 69 69 88 51 41 59 52 85 78 01 02 75 20 15 55 55 24 83 42 83 79 13 63 39 86 82 36 22 07 15 52 75 83 52 14 35 22 
65 07 75 41 72 37 60 87 67 03 86 61 44 80 27 32 30 41 29 24 77 26 06 67 78 81 37 17 70 47 14 46 54 88 87 37 36 34 11 14 36 08 50 55 63 52 86 05 05 26 04 57 52 09 11 17 65 47 33 46 69 46 68 34 21 42 47 32 75 33 21 87 41 46 53 79 09 51 83 77 76 62 21 15 71 31 07 23 53 39 45 34 60 24 43 80 41 01 87 27 
10 19 25 50 64 78 16 49 16 11 37 67 72 34 82 30 64 64 29 05 79 73 38 50 08 56 18 24 33 16 50 42 11 51 67 74 16 82 34 31 04 47 09 52 80 66 57 31 42 85 35 08 69 48 33 52 16 50 75 48 42 13 01 28 63 67 13 54 60 23 84 40 45 68 03 36 22 35 42 39 32 77 46 12 36 78 40 27 16 02 74 33 14 74 60 52 28 72 17 64 
70 76 15 26 32 81 37 53 27 79 03 58 43 24 46 54 13 61 81 28 62 66 60 76 28 07 15 31 79 32 06 36 19 20 62 50 12 74 78 15 64 56 48 18 79 05 72 04 41 40 07 15 17 43 66 20 49 56 51 15 87 56 27 82 76 64 19 63 49 09 53 01 40 13 82 31 81 65 10 34 16 80 24 09 34 65 28 59 32 54 49 07 22 51 88 73 26 82 23 75 
66 76 75 18 88 44 48 56 21 33 01 12 24 88 84 34 64 88 04 72 29 28 78 50 79 53 10 80 46 09 66 88 84 28 17 59 72 40 26 68 72 03 55 07 02 27 40 66 02 19 25 30 23 14 56 77 42 65 68 63 73 46 62 44 49 78 78 08 05 16 51 52 18 82 59 83 20 74 36 85 69 60 26 03 49 81 79 02 34 58 65 18 79 38 38 16 04 27 87 72 
18 50 36 11 19 06 06 38 55 41 34 35 77 35 13 37 28 67 39 61 37 79 54 03 28 03 82 07 06 81 79 23 42 26 34 60 07 15 73 61 55 82 72 19 04 84 56 31 63 70 67 75 60 33 53 63 11 47 70 16 39 60 15 56 85 48 03 67 62 51 39 04 20 86 23 23 58 54 54 32 35 08 82 06 40 46 68 27 68 25 18 18 84 32 73 56 79 51 34 28 
13 49 08 32 46 06 55 15 59 84 22 05 03 79 74 19 13 29 45 80 54 62 10 25 70 58 81 60 85 02 64 09 50 47 17 72 52 47 62 22 42 60 02 20 50 51 38 62 79 58 30 20 08 39 45 77 72 13 24 68 78 63 53 40 21 69 87 72 27 36 69 44 07 46 63 33 72 77 06 39 22 11 58 29 49 78 17 09 66 17 52 56 79 16 71 12 60 69 59 62 
80 16 17 87 37 56 31 21 20 12 59 41 23 04 70 47 58 62 31 35 78 83 02 69 10 48 56 46 04 26 19 84 41 12 82 54 43 88 74 62 11 20 78 09 23 59 56 80 09 86 03 62 56 68 42 42 28 73 87 31 11 81 26 27 04 19 80 46 82 41 83 05 60 73 13 83 19 44 50 03 18 28 65 73 08 82 26 11 67 88 41 77 81 67 79 84 61 47 18 55 
87 76 35 59 60 23 29 55 67 54 57 60 82 33 20 65 27 22 75 05 21 27 57 13 69 23 73 18 69 66 48 68 53 82 14 25 16 42 79 58 07 47 05 64 56 25 40 58 46 02 38 66 05 06 55 73 04 15 66 73 80 25 28 44 18 41 68 10 58 34 43 40 57 24 16 88 48 31 57 69 09 06 22 13 75 52 61 78 66 39 38 57 63 41 13 57 81 56 42 26 
66 60 66 34 83 57 33 18 63 65 86 71 70 84 83 32 47 32 21 25 70 35 81 44 75 05 76 44 37 29 69 14 01 22 23 59 78 31 77 29 07 74 11 52 69 70 83 04 13 79 28 58 25 20 13 76 01 65 07 13 69 51 26 45 73 48 16 38 78 04 66 60 53 53 23 10 34 81 13 22 71 40 79 72 35 67 35 11 19 41 23 88 03 48 44 51 71 59 65 36 
38 42 07 03 70 05 76 79 85 88 12 68 15 66 27 49 45 61 36 63 13 58 38 79 82 82 42 64 28 18 76 66 35 58 44 17 63 07 07 59 06 83 14 84 60 16 44 80 76 55 31 64 25 68 55 82 61 72 33 65 01 20 18 11 78 37 03 52 43 10 86 48 68 76 43 15 03 62 07 55 29 13 30 29 80 84 22 29 43 54 05 43 50 86 30 39 34 32 66 76 
17 39 11 84 26 29 75 05 66 57 59 70 69 88 10 60 60 07 64 14 37 44 33 86 41 62 12 74 69 53 37 86 03 47 57 05 51 43 73 29 11 43 74 55 18 60 03 53 66 66 43 78 22 75 51 62 24 38 24 68 02 60 65 69 83 10 73 45 52 57 49 39 75 35 69 68 06 71 33 47 49 51 37 70 13 63 19 12 13 42 79 14 78 56 82 72 41 42 04 68 
74 53 82 36 63 63 16 68 45 24 02 05 74 38 50 86 77 69 09 01 86 87 14 75 30 72 58 46 25 62 26 11 02 19 22 64 81 37 19 38 60 20 18 21 34 68 18 22 48 02 22 21 65 11 08 70 82 65 28 83 14 29 69 79 47 02 30 40 39 48 53 74 44 70 07 53 49 88 50 72 66 47 05 18 57 76 87 27 52 02 21 42 30 01 08 53 66 38 04 16 
61 32 66 80 13 48 44 38 47 69 85 88 27 65 17 60 52 80 62 80 57 82 09 63 58 16 27 35 53 06 27 26 37 04 81 25 51 37 38 73 81 35 49 20 75 41 55 39 32 28 30 65 85 38 39 30 29 41 64 82 46 66 83 58 45 75 58 07 87 08 56 80 18 80 75 04 32 17 18 40 20 47 16 16 60 30 45 01 70 84 58 27 62 28 60 18 78 29 01 77 
36 32 44 29 23 06 33 54 22 50 69 17 73 84 32 20 25 52 84 06 47 53 08 84 56 67 78 46 08 54 34 19 61 53 48 83 58 56 24 55 81 05 71 65 64 78 61 01 41 56 70 63 85 78 35 52 32 88 73 39 53 82 34 25 46 57 83 79 24 82 21 16 62 67 57 38 56 05 14 72 60 83 23 32 48 57 60 80 32 44 30 60 38 39 84 59 07 54 50 06 
23 70 86 85 49 30 10 80 34 23 64 69 81 62 77 41 06 48 32 37 67 37 08 16 76 67 51 58 32 12 64 30 57 61 26 81 02 11 73 11 33 24 79 26 85 67 66 02 02 73 38 69 21 45 60 72 87 22 42 30 33 17 35 66 53 61 58 30 71 42 40 80 41 06 81 37 73 34 38 74 18 51 30 14 71 02 86 69 23 39 74 32 31 21 09 83 57 66 88 15 
84 15 06 36 20 62 49 04 07 62 54 88 25 83 14 71 60 11 52 83 49 13 02 55 33 10 25 01 51 24 80 22 38 85 34 57 35 82 37 41 31 66 41 55 36 54 14 08 40 41 66 64 53 67 30 86 52 54 62 14 53 53 12 66 26 45 10 60 14 22 76 44 87 28 75 35 57 88 18 72 40 83 47 04 61 52 65 24 81 15 13 45 43 24 22 68 44 08 15 33 
29 03 77 28 06 39 38 39 38 31 22 53 25 45 32 61 08 73 84 01 87 72 45 41 72 43 85 03 50 11 36 54 13 24 57 83 62 70 33 75 12 30 39 36 74 46 08 82 30 67 82 04 27 14 45 10 32 41 12 57 27 23 23 16 46 79 10 83 61 42 69 72 47 83 84 33 17 67 26 46 22 83 50 48 08 70 33 40 86 20 72 24 43 06 39 64 61 48 59 33 
65 15 80 24 74 51 56 02 30 57 23 51 51 72 74 34 29 18 49 26 13 33 50 55 14 88 31 74 24 65 18 88 79 74 87 40 36 54 41 65 86 64 03 24 23 76 58 52 69 82 77 82 26 38 48 40 14 54 25 37 30 19 12 85 68 11 36 15 40 53 56 38 28 58 61 26 22 06 77 02 88 66 83 01 79 19 40 04 48 41 16 78 35 28 50 14 38 85 28 77 
