100 100 88
77 33 13 42 44 59 86 34 46 44 49 85 45 35 59 20 26 28 02 85 35 59 21 22 56 82 72 34 34 44 86 87 77 74 40 08 45 13 42 66 32 66 38 76 13 08 71 38 12 72 10 46 43 06 67 74 87 26 83 09 46 57 07 10 18 22 81 62 34 10 16 65 76 29 28 88 13 10 13 24 57 22 69 75 03 24 37 66 25 31 74 70 63 80 55 81 13 48 30 22 
57 21 86 44 50 01 19 62 74 07 85 42 28 41 05 07 40 41 72 65 47 57 22 22 48 77 78 36 36 19 57 04 40 30 24 01 30 42 38 79 49 34 32 52 50 36 34 02 52 17 42 11 73 63 32 08 27 21 43 62 15 75 42 54 16 65 30 21 82 67 11 18 76 19 46 14 54 79 15 82 08 32 04 56 70 11 64 09 07 82 70 21 45 23 51 36 63 80 57 57 
35 43 74 22 61 07 11 03 86 25 84 05 32 63 60 14 73 11 22 79 69 67 11 25 66 37 60 40 29 04 72 39 47 34 36 83 40 47 61 37 47 56 17 79 30 53 68 78 63 01 68 19 43 55 19 20 03 55 36 07 58 19 21 80 52 57 75 04 15 23 16 61 55 33 27 84 85 06 50 35 70 29 30 25 59 48 20 38 14 55 20 72 74 41 39 13 09 01 80 87 
24 08 35 78 40 62 49 12 43 10 22 25 15 51 49 73 11 44 86 24 11 18 71 60 58 86 72 42 86 40 16 21 47 50 10 62 23 59 73 66 44 70 66 58 33 02 19 43 45 16 42 31 33 01 02 66 86 50 83 83 01 10 80 23 60 01 84 58 35 44 11 79 25 76 48 57 77 42 75 10 58 05 40 66 05 42 20 66 67 14 60 43 88 51 65 59 28 60 04 62 
79 15 28 79 66 52 24 31 05 10 40 38 14 79 16 82 08 35 59 50 24 07 04 87 33 68 57 60 15 37 10 69 27 13 60 04 64 83 10 45 68 49 82 58 16 09 51 87 19 86 49 19 04 28 17 36 08 50 72 86 86 57 67 88 69 14 67 45 08 77 65 51 37 58 20 28 43 71 27 61 68 51 55 47 78 72 58 61 09 41 59 06 09 13 69 54 26 47 74 09 
35 50 35 48 19 55 51 61 13 77 10 56 15 64 14 05 23 71 65 31 88 11 12 72 87 80 37 24 39 22 08 49 71 43 72 66 73 35 38 85 87 23 52 14 87 65 18 21 23 58 52 86 69 63 70 67 31 18 67 45 16 50 05 62 68 53 39 52 87 53 48 85 75 11 10 49 51 03 70 50 61 09 47 17 47 28 59 77 22 13 33 37 63 14 74 42 66 01 70 40 
29 29 36 15 16 22 40 66 24 85 27 60 05 74 52 27 77 23 80 10 35 24 22 73 13 72 03 54 72 72 05 12 12 41 02 27 38 41 69 37 13 71 09 17 32 60 20 21 58 11 06 05 10 28 53 23 75 55 52 58 38 57 69 26 73 46 28 22 63 08 58 75 79 42 68 86 78 87 18 47 09 24 27 82 27 80 16 13 22 68 46 60 12 02 85 84 47 24 81 21 
08 26 08 62 68 75 59 57 49 53 79 33 52 18 26 78 73 42 66 06 85 87 65 72 88 37 43 46 37 35 43 20 60 26 81 15 76 27 47 36 79 38 44 42 31 69 07 15 86 48 20 58 46 61 41 45 73 83 67 85 29 85 16 65 86 72 55 49 75 78 60 65 27 15 83 33 83 01 47 81 25 42 50 46 78 67 67 63 61 21 35 66 17 27 18 78 74 72 38 60 
61 09 37 63 23 07 71 17 71 29 73 07 47 35 53 36 13 31 74 49 51 85 26 43 23 43 32 08 03 69 68 39 77 80 78 11 86 60 03 68 65 76 51 87 86 15 10 74 21 84 34 71 56 36 01 78 54 32 61 56 76 16 71 64 71 60 50 44 07 28 88 71 79 50 45 76 40 55 61 60 26 71 18 81 18 82 46 71 25 18 15 12 10 85 51 80 32 76 36 38 
15 35 85 06 60 41 57 11 71 06 46 08 76 39 88 69 32 45 51 32 63 41 19 72 37 45 39 44 32 74 58 22 84 54 03 55 70 36 65 29 41 86 36 04 36 36 72 43 80 10 74 30 27 68 77 63 24 04 83 55 77 52 53 73 81 31 15 38 66 80 66 18 77 14 85 01 49 44 43 16 54 05 22 80 72 74 30 08 53 24 38 42 51 66 02 43 09 16 81 74 
71 58 68 36 47 64 12 71 84 54 63 49 34 60 16 18 45 21 01 74 21 14 27 71 80 04 02 64 83 58 25 42 27 04 77 50 44 64 32 39 29 06 63 39 65 54 32 86 50 08 71 46 21 73 05 76 52 06 51 46 63 76 63 65 55 27 26 74 02 58 88 07 39 62 45 16 03 76 77 29 83 59 74 79 19 78 67 70 83 05 03 33 80 66 10 23 04 11 08 06 
44 08 12 83 45 32 74 48 83 62 76 77 08 37 43 26 27 21 71 85 26 73 06 81 26 79 15 06 01 23 11 45 06 86 15 50 29 88 73 23 37 36 75 44 73 29 45 11 26 27 71 51 75 76 19 77 66 34 82 43 32 04 63 37 65 77 62 69 76 47 67 24 82 29 43 66 33 87 52 58 01 35 84 51 86 15 39 40 24 32 82 55 11 32 67 51 20 40 07 71 
86 73 70 56 13 24 33 46 86 61 79 62 71 75 24 68 01 39 83 88 46 52 30 33 83 08 83 14 23 02 60 85 50 41 52 63 64 60 84 37 32 74 10 14 36 34 58 12 72 52 11 05 80 40 37 74 23 32 64 46 09 35 18 58 76 45 08 27 16 67 64 24 53 73 37 64 18 70 76 65 34 86 70 01 38 18 74 36 25 49 57 09 60 74 67 47 30 50 49 22 
29 24 45 57 73 57 32 66 39 19 43 48 81 88 48 06 81 09 41 82 34 10 02 05 59 44 27 65 70 75 86 10 75 18 42 59 74 49 36 88 44 54 23 36 29 70 41 22 79 57 79 24 66 56 04 37 12 30 77 81 80 74 66 66 03 83 12 52 43 24 28 62 77 50 09 18 32 25 15 86 82 05 85 35 36 64 47 47 05 35 15 60 84 56 14 62 50 25 26 69 
48 53 42 13 78 27 30 21 27 20 82 84 88 54 31 35 29 53 58 09 88 72 69 59 40 82 33 65 18 34 45 42 62 63 54 51 01 59 48 27 78 41 23 53 07 29 87 11 57 56 20 56 16 88 03 31 57 35 07 50 44 52 03 17 26 32 67 02 02 02 04 55 43 02 19 25 30 18 35 87 49 30 30 64 29 08 06 85 42 77 47 85 40 25 77 41 57 32 18 58 
33 21 25 51 23 19 75 28 36 86 02 61 27 08 12 32 15 82 04 33 70 26 05 85 51 82 13 19 25 30 52 33 26 52 84 48 71 46 52 82 19 53 30 46 36 42 53 51 35 32 83 16 58 87 12 20 56 88 14 56 29 41 01 54 69 84 78 51 17 17 20 36 45 50 57 81 03 21 19 13 52 13 28 21 75 15 16 19 14 05 74 18 22 50 47 02 21 12 28 38 
28 47 73 73 08 41 41 74 61 59 86 88 47 01 85 09 79 76 27 68 81 13 85 14 38 44 79 59 31 18 08 59 64 80 19 48 32 59 09 68 29 71 43 75 71 15 83 62 03 22 17 83 10 14 72 23 33 38 81 63 55 88 09 06 55 27 29 62 85 14 17 25 84 60 75 42 74 46 79 76 43 08 46 52 21 05 50 29 42 43 03 72 42 12 54 73 38 82 46 11 
07 63 11 02 10 86 44 83 43 10 47 85 17 68 24 37 49 73 41 66 27 44 50 45 31 15 29 44 72 74 54 79 24 65 56 33 38 75 04 80 85 50 52 13 05 51 26 29 35 66 07 38 85 32 58 03 22 86 47 05 47 76 59 47 28 03 79 65 53 82 32 49 19 59 38 88 21 39 28 56 80 34 69 53 65 38 55 62 11 13 67 33 65 13 79 04 15 46 69 68 
15 76 04 34 47 17 09 67 55 36 10 23 46 78 75 22 03 41 60 77 30 14 86 06 26 52 09 17 09 53 60 88 41 63 09 87 56 17 65 86 52 51 20 09 16 70 07 19 23 66 71 52 55 68 33 80 08 41 72 16 06 43 15 22 82 87 20 49 15 60 22 67 22 42 51 38 23 33 32 21 74 14 48 40 58 80 32 65 09 15 56 78 34 47 11 27 45 30 51 60 
65 72 14 87 01 40 12 88 73 19 20 58 32 68 74 65 35 17 17 43 07 73 08 16 07 18 42 51 23 68 86 88 52 75 62 52 27 49 51 75 67 47 20 74 02 05 51 36 85 67 55 68 27 62 83 33 56 13 60 78 80 33 53 19 20 26 71 22 50 09 08 28 31 03 14 32 08 40 44 68 82 74 47 85 23 42 05 78 30 64 68 21 09 32 40 04 34 86 25 83 
70 08 87 13 10 76 20 81 03 39 37 60 88 83 56 23 12 61 12 41 12 55 38 84 63 53 87 72 50 23 42 07 06 40 83 16 03 15 72 05 29 20 65 29 79 08 51 66 44 38 19 56 69 32 51 19 84 50 02 45 48 19 27 54 35 22 45 37 12 28 18 40 24 58 68 14 65 06 79 21 20 73 52 64 80 14 82 75 39 59 07 63 77 34 28 23 55 72 36 66 
75 53 17 74 86 61 63 62 42 30 58 37 78 85 12 70 75 69 56 25 39 63 63 28 08 02 26 62 49 37 15 12 01 31 85 62 67 60 12 85 01 69 33 78 42 21 35 28 01 03 28 40 65 03 43 48 68 44 85 29 81 11 40 57 17 12 31 60 71 42 56 47 86 64 13 39 84 47 66 85 25 70 36 65 72 54 24 51 09 84 55 01 06 06 58 87 82 64 58 40 
17 01 63 14 64 75 29 60 09 70 56 10 51 67 74 10 32 74 61 40 69 03 17 75 73 50 49 66 25 18 17 17 82 79 06 57 41 34 28 26 80 59 35 42 37 84 28 44 69 64 60 50 66 76 12 50 13 60 27 37 53 20 53 46 10 34 78 27 68 18 52 59 52 62 76 01 57 15 44 38 78 15 63 32 66 74 81 78 21 84 02 73 15 30 06 88 64 83 02 19 
76 53 77 40 02 40 16 59 31 59 72 84 50 22 27 27 07 84 17 27 79 18 75 69 48 56 44 87 26 46 17 14 74 69 29 76 20 44 22 26 78 69 22 39 02 24 66 08 19 58 10 73 51 60 53 74 27 73 72 28 30 88 41 15 68 45 66 64 64 87 01 54 67 86 04 68 22 45 51 16 78 36 01 41 07 29 02 09 13 74 37 18 73 53 09 29 10 74 04 73 
49 68 14 03 66 82 47 63 38 09 78 04 45 54 44 27 59 45 36 47 06 48 65 55 76 49 83 61 34 62 46 58 41 35 61 82 28 19 32 42 03 86 45 47 51 64 50 21 84 61 68 02 20 20 56 07 68 50 68 77 87 01 47 15 11 83 09 39 13 16 80 15 13 36 38 40 75 87 60 70 35 15 71 54 34 38 36 77 63 79 66 37 55 88 52 42 82 36 80 70 
51 47 84 64 58 09 79 44 71 50 25 17 41 08 46 50 21 58 39 60 24 80 08 79 79 59 32 48 06 87 29 33 45 88 72 14 09 62 57 55 87 57 72 39 40 05 01 61 62 15 08 86 06 15 52 60 74 59 19 55 33 23 87 77 22 46 66 06 19 10 61 18 66 20 32 18 24 32 54 62 22 61 59 27 75 86 62 36 32 80 67 64 14 41 52 12 87 05 17 81 
14 53 10 55 48 42 72 48 49 13 21 71 73 55 73 36 28 47 47 59 14 25 34 04 42 61 79 40 65 71 32 78 36 18 20 59 35 04 18 59 16 14 17 65 44 02 12 71 24 58 17 13 59 50 16 12 86 06 27 62 77 34 27 88 27 47 34 61 26 28 08 17 41 24 81 61 01 68 19 24 14 36 37 48 61 28 59 59 10 61 08 62 06 11 37 33 33 70 69 58 
73 76 50 02 76 19 62 76 86 80 12 75 03 24 34 40 27 68 74 12 40 57 73 22 67 85 30 11 43 10 44 27 62 06 28 49 88 01 36 85 57 23 48 35 46 57 74 49 37 59 60 52 28 45 73 70 17 14 57 59 88 76 86 61 57 25 85 56 02 32 29 58 55 76 68 76 44 54 36 56 88 72 20 03 04 68 73 20 82 41 79 57 28 76 29 85 76 25 28 77 
32 56 22 62 43 02 26 63 55 37 30 30 20 25 33 23 05 17 43 86 33 09 30 36 60 58 08 47 58 36 36 65 03 33 39 22 34 64 84 64 12 01 06 08 26 38 30 30 30 48 03 62 56 32 09 27 65 81 50 10 28 85 74 06 05 88 27 39 39 86 78 27 87 83 34 24 08 39 29 37 87 07 74 30 38 59 33 78 51 82 87 54 54 48 59 58 24 86 72 62 
59 62 88 57 32 09 56 40 48 84 52 46 02 14 51 15 48 83 04 74 76 66 39 41 02 73 11 25 70 58 86 17 31 62 73 63 70 17 78 29 12 17 50 78 30 13 68 77 07 48 38 83 01 76 11 02 61 85 26 18 55 24 34 85 61 83 35 42 11 88 71 86 17 08 51 22 20 31 75 27 78 24 85 78 12 71 56 48 68 81 41 10 80 75 70 52 45 17 70 55 
16 28 52 08 35 15 30 55 21 16 57 74 15 29 63 02 11 06 49 54 87 02 63 54 52 45 18 08 37 87 62 28 26 01 36 36 79 41 66 11 32 34 84 46 38 35 48 25 40 08 78 38 73 53 04 36 73 85 19 21 59 56 48 60 57 59 07 47 11 49 34 42 82 29 88 08 63 47 32 79 30 21 28 79 49 07 02 33 67 21 29 13 76 77 48 20 47 55 43 34 
79 52 75 72 80 50 55 31 72 86 21 78 19 24 68 43 07 69 76 49 65 16 62 29 68 21 48 03 51 66 36 41 29 86 01 85 48 55 27 31 53 23 20 47 46 87 65 52 44 28 77 20 20 50 48 87 46 72 01 09 25 12 25 30 10 25 26 57 56 28 63 84 50 59 18 71 57 82 11 76 22 87 08 41 48 31 15 69 78 80 77 15 03 78 20 76 14 45 44 69 
72 83 40 09 53 57 79 85 51 01 73 72 87 56 88 22 62 14 03 52 05 55 42 72 44 61 59 58 81 79 14 40 73 30 48 13 86 38 09 48 15 57 07 13 88 06 35 62 84 13 01 64 67 42 47 23 78 18 56 70 72 45 85 56 74 44 68 72 57 52 07 71 21 14 84 20 83 06 57 54 18 57 30 84 74 52 82 39 45 49 20 28 06 16 59 55 35 14 38 04 
66 45 74 62 34 45 81 04 50 50 58 43 82 63 15 68 26 08 18 71 57 14 10 38 05 69 04 16 82 18 19 35 38 68 08 47 25 65 50 50 02 83 05 83 57 19 38 83 26 32 65 58 21 74 71 25 30 51 16 88 68 34 34 81 78 42 39 78 18 64 39 19 59 19 77 27 13 27 21 15 34 61 72 54 23 55 54 52 81 70 27 60 79 61 28 68 78 66 57 07 
41 72 01 75 02 53 78 15 55 74 05 88 47 76 53 69 18 19 08 10 88 11 45 54 71 72 34 60 25 66 42 42 49 18 28 27 46 17 17 13 03 21 12 49 72 65 05 66 59 76 75 34 86 08 87 44 79 32 79 16 74 08 57 10 25 60 12 71 77 28 83 55 24 70 15 08 22 83 73 80 46 35 25 20 42 88 39 09 31 30 88 80 37 32 02 38 03 13 84 79 
17 54 45 16 35 35 23 57 05 71 24 27 82 25 46 11 24 60 19 30 01 18 22 14 49 87 51 28 75 22 82 67 75 39 83 85 49 17 29 30 64 53 56 57 53 77 43 76 48 62 81 25 55 78 14 80 76 64 19 39 61 12 17 47 26 11 43 51 04 48 80 43 12 23 75 40 75 29 27 34 66 83 34 09 73 47 88 60 86 82 74 58 69 03 80 71 77 11 09 56 
58 64 74 69 86 60 84 72 65 22 81 42 16 27 50 88 49 25 36 47 18 85 16 63 63 72 45 52 82 29 83 51 04 69 07 01 16 02 48 80 87 40 34 14 42 59 78 03 84 01 25 77 61 16 51 36 87 71 63 80 11 57 42 14 13 24 78 29 25 37 20 23 53 29 13 70 88 66 48 83 66 72 71 38 88 10 49 62 80 23 54 03 56 71 80 68 07 70 72 07 
82 68 30 22 08 42 68 07 19 27 65 60 75 24 73 50 33 10 23 24 32 52 02 87 11 58 43 81 39 26 87 08 05 04 06 77 45 73 83 39 75 36 74 61 59 35 86 03 44 85 02 51 48 04 50 34 61 68 26 75 05 01 58 74 04 63 62 25 23 32 39 74 67 25 22 37 35 20 15 54 16 17 16 39 84 41 73 56 20 74 18 25 74 75 74 54 26 47 78 24 
78 28 09 33 28 31 45 62 26 60 03 17 52 19 55 47 59 15 14 79 65 07 79 26 81 40 79 82 86 68 18 51 72 26 59 11 32 16 49 33 51 51 49 14 69 80 36 16 70 25 70 22 31 36 48 23 75 38 17 48 82 10 10 65 11 45 51 43 60 11 51 22 62 12 11 18 67 46 09 24 70 78 46 12 01 05 10 75 18 02 34 75 11 20 51 22 64 14 40 11 
88 02 32 37 77 18 31 55 39 39 55 20 05 12 07 05 16 80 80 09 82 01 84 68 20 22 65 59 35 80 69 11 82 76 47 46 05 77 13 43 28 67 38 08 54 20 12 45 12 03 53 69 04 48 24 87 70 01 34 80 80 14 66 49 02 25 07 70 77 83 01 80 37 14 87 02 34 11 46 21 77 74 65 56 10 88 55 55 64 88 22 32 77 88 80 54 88 62 36 76 
56 12 68 68 25 66 45 34 52 66 54 41 52 30 08 61 06 38 03 69 37 24 12 02 23 68 55 22 41 66 74 73 77 53 28 78 06 73 23 34 50 53 74 77 58 57 25 63 07 27 44 19 51 31 20 49 10 75 47 27 52 32 75 17 60 14 06 65 62 04 74 88 56 59 76 02 28 77 64 34 15 83 52 41 02 72 66 75 34 24 13 85 55 87 77 26 77 82 66 50 
86 52 49 29 86 13 30 25 01 70 34 79 64 62 32 65 21 09 52 54 08 40 26 62 15 15 63 03 72 40 28 45 67 53 74 65 65 79 65 65 60 75 55 12 48 62 52 44 46 79 09 53 31 10 26 21 88 88 87 72 16 26 28 58 78 77 10 30 68 51 06 15 37 37 26 60 10 78 15 56 68 87 20 74 72 46 06 72 21 04 31 12 06 34 46 59 23 55 01 66 
81 06 80 29 42 82 64 28 47 78 83 26 52 78 76 36 11 81 83 32 61 01 19 66 34 40 36 32 71 36 73 63 18 41 68 35 34 43 62 80 09 32 81 60 22 68 71 32 37 41 39 09 41 58 74 51 73 85 58 55 09 43 30 26 59 09 60 68 27 10 35 35 41 27 71 38 71 53 70 19 70 20 03 86 53 76 48 38 48 18 04 56 36 09 81 06 81 29 73 20 
14 19 54 30 21 36 68 67 65 49 85 46 44 87 43 09 50 67 22 10 60 01 41 71 10 10 52 02 14 12 21 27 30 51 56 26 62 11 05 38 59 65 59 79 40 78 87 01 32 20 74 03 84 27 73 05 36 36 71 25 47 67 51 52 29 82 53 67 05 33 16 39 10 51 29 25 16 03 25 47 86 75 49 82 77 09 62 88 20 44 24 42 87 50 05 03 43 33 69 23 
66 61 38 51 23 66 75 38 45 75 84 42 37 20 11 25 04 73 24 23 04 23 64 02 72 44 69 27 52 49 25 29 21 62 55 19 16 41 56 60 28 27 77 64 22 88 65 25 48 64 23 27 87 62 05 70 81 73 72 45 33 09 49 30 70 16 48 61 56 80 32 59 82 85 11 80 84 51 80 19 26 15 45 24 52 49 70 45 09 29 01 18 37 49 47 83 40 70 55 08 
37 63 42 31 59 28 22 30 78 13 24 16 03 44 15 55 05 60 75 77 01 75 06 13 11 28 71 51 10 38 34 46 76 51 52 22 55 73 27 44 62 50 35 40 05 26 06 73 85 56 62 61 42 43 74 29 71 56 55 80 69 64 13 32 02 65 29 56 25 55 76 86 80 22 38 61 23 19 45 84 75 82 56 04 13 17 08 83 49 38 50 05 13 62 13 79 14 41 46 39 
72 33 12 63 31 49 35 53 44 56 48 06 25 80 73 37 08 81 07 32 30 32 13 19 70 25 09 83 65 54 33 48 63 45 87 05 69 33 57 88 64 81 05 65 72 78 13 55 46 84 87 75 27 11 69 08 11 77 67 75 19 11 11 81 31 09 61 76 17 29 75 81 21 56 57 68 21 45 35 66 16 09 28 43 83 09 26 05 61 04 79 55 79 65 47 21 73 19 72 02 
24 59 58 20 02 02 88 22 22 10 63 38 18 02 80 12 74 81 80 47 85 46 13 75 23 36 71 07 30 55 72 53 01 17 49 66 18 48 87 40 33 61 77 50 38 44 37 24 36 28 46 08 73 34 82 71 69 41 54 11 07 37 39 71 54 63 48 47 22 22 86 54 82 50 79 07 05 03 30 17 30 75 24 79 21 82 37 65 34 02 51 40 39 66 86 68 40 45 26 38 
42 88 67 35 49 58 17 54 60 47 46 66 09 69 32 05 62 68 70 71 46 08 86 84 73 83 39 25 15 64 62 56 63 16 66 88 73 83 29 21 17 74 62 25 30 05 06 04 48 75 50 05 58 48 64 43 42 14 43 57 54 80 24 04 07 66 03 56 60 31 76 76 80 49 12 22 29 17 01 76 67 50 57 37 09 32 55 51 22 09 83 51 64 82 54 70 59 33 37 30 
39 88 81 31 48 69 28 76 61 28 40 16 53 08 52 62 39 82 88 36 66 58 86 41 51 28 86 86 60 11 27 74 10 84 80 58 64 19 21 36 22 60 51 75 67 78 24 82 47 87 05 24 32 03 40 82 30 38 79 65 24 82 50 33 77 42 66 28 36 87 63 58 34 02 20 77 79 19 46 38 81 50 37 24 52 77 17 57 02 72 33 25 41 83 57 05 12 35 32 47 
09 06 16 18 07 11 06 62 05 51 11 85 13 23 20 40 11 13 09 12 60 17 36 12 11 69 80 86 79 23 45 87 28 36 16 11 23 86 48 27 48 34 24 36 56 19 76 67 07 60 54 66 76 66 53 63 46 44 60 36 66 80 10 70 28 01 56 50 86 15 76 46 48 75 57 15 06 20 57 76 79 23 54 43 64 82 81 21 14 28 56 55 20 41 12 23 41 67 48 39 
57 35 60 80 86 28 71 67 48 15 54 14 13 83 56 76 53 24 08 66 52 39 32 47 79 20 69 32 62 28 46 07 38 17 86 11 44 44 77 03 59 19 81 71 13 24 59 41 48 42 18 75 81 26 33 47 45 77 78 82 16 11 88 29 27 86 40 71 17 04 49 75 22 17 58 11 41 04 51 88 45 45 74 37 70 82 84 02 70 49 59 61 36 59 65 62 32 80 20 48 
84 45 35 17 61 68 03 13 71 54 76 03 74 37 40 31 30 11 08 75 35 66 23 70 36 88 44 43 79 39 03 50 83 13 43 32 56 45 44 14 74 08 16 59 44 31 01 50 17 08 12 52 50 35 33 61 10 52 16 64 67 82 26 37 06 68 68 37 88 88 50 74 07 41 20 50 72 85 75 88 68 87 51 29 09 60 02 18 87 17 57 41 10 82 78 79 37 57 03 13 
56 28 62 38 68 57 88 51 53 50 27 33 48 53 37 56 88 38 49 87 30 18 15 15 75 04 69 88 37 71 12 68 10 49 18 78 17 81 16 70 42 42 78 66 07 26 09 06 40 58 68 69 51 83 60 13 62 40 12 10 87 87 54 08 23 71 61 40 63 53 85 80 06 74 57 76 75 66 58 26 11 13 71 61 71 42 73 45 57 61 30 55 35 83 39 58 65 11 09 15 
63 69 07 45 54 39 08 16 16 65 42 26 78 88 62 60 41 23 80 09 59 22 40 69 80 78 38 33 64 22 47 15 02 29 59 31 68 42 47 59 19 64 61 72 63 10 19 79 32 11 63 66 08 14 47 87 67 60 07 43 82 30 57 59 58 03 02 13 44 24 72 62 87 20 21 37 29 40 27 37 26 65 14 33 79 60 07 57 32 78 75 01 19 43 59 76 45 36 65 01 
59 24 38 33 43 59 69 71 74 71 83 75 48 09 19 14 44 01 46 51 78 33 27 72 51 62 60 08 09 12 72 44 35 21 52 77 55 09 35 16 79 06 02 14 14 84 27 33 61 49 60 50 57 86 34 19 59 69 26 44 56 73 63 02 06 26 54 36 34 64 52 01 69 29 14 58 25 17 67 85 65 38 22 09 11 31 27 46 75 29 01 42 13 39 43 82 40 72 30 50 
48 57 50 28 61 39 62 85 55 40 57 07 77 55 15 63 85 18 20 72 46 84 01 34 34 44 28 50 27 33 11 50 65 36 54 37 74 27 10 17 42 66 23 30 32 14 68 05 31 88 52 76 83 52 21 05 71 24 54 74 56 40 35 08 75 88 45 60 02 30 76 43 71 75 48 79 88 28 83 30 27 46 81 85 09 77 65 56 13 30 41 44 69 75 28 31 51 72 03 28 
77 54 71 59 40 06 49 15 33 43 20 35 64 76 08 49 65 72 16 53 78 56 72 34 18 11 65 44 58 43 72 46 72 54 17 88 59 65 14 68 84 10 14 59 85 85 83 61 69 10 01 58 41 73 67 35 59 43 78 29 61 61 50 45 26 66 44 61 19 57 40 78 66 29 24 39 26 19 11 70 04 76 15 21 36 81 55 06 12 44 10 72 17 60 28 18 13 71 54 31 
16 69 84 57 74 20 07 11 14 82 56 81 69 70 13 16 38 67 85 49 87 07 09 15 66 36 08 78 19 62 85 10 42 80 66 27 75 73 13 64 66 44 57 22 01 45 37 39 24 33 63 22 15 71 12 80 83 83 70 77 56 42 86 74 33 63 76 84 23 65 59 64 20 03 85 21 48 09 35 47 18 73 44 32 56 31 24 50 25 69 38 57 22 11 42 30 49 29 25 72 
69 60 47 01 38 20 85 85 28 07 19 45 79 62 77 22 04 76 47 05 56 60 61 53 70 14 82 31 18 83 78 87 30 12 63 67 31 59 40 59 41 58 79 31 08 43 29 75 06 75 79 37 47 51 01 04 40 59 10 34 29 87 32 58 11 70 12 41 16 51 75 56 85 42 62 68 60 02 54 66 77 21 14 11 47 15 78 87 49 88 08 77 62 15 46 72 84 57 01 11 
84 75 66 56 04 15 11 64 17 40 41 69 60 54 55 19 44 44 81 04 19 88 80 81 14 13 40 73 46 40 83 17 03 36 48 06 50 58 69 42 09 85 22 69 27 52 63 70 72 31 50 02 06 17 58 19 30 10 67 51 25 61 67 27 72 26 09 09 59 53 51 67 50 48 23 52 12 61 09 83 03 58 60 08 51 06 02 80 79 68 18 15 16 84 18 63 85 02 72 55 
54 10 09 79 57 32 42 44 04 27 14 71 84 50 78 46 55 56 13 21 35 30 35 27 01 28 01 61 29 72 03 59 57 12 25 02 19 43 21 22 69 35 68 40 60 58 62 26 01 74 46 35 80 56 37 56 60 38 29 64 85 31 10 54 18 35 55 36 53 75 34 33 85 13 48 56 46 21 57 46 07 78 57 62 22 05 29 81 42 33 32 15 64 42 68 81 52 10 05 16 
60 38 24 33 26 71 88 72 04 33 05 74 22 61 47 19 66 51 11 83 84 19 09 35 60 76 03 23 61 07 14 33 20 37 41 46 19 40 29 86 48 33 71 46 70 05 64 47 32 51 17 27 69 26 61 40 77 63 38 50 46 51 58 65 87 10 22 81 25 26 79 49 35 37 06 80 18 69 38 49 31 54 51 11 55 87 26 44 37 63 69 82 25 14 35 87 87 32 80 23 
58 46 71 68 58 52 59 75 33 72 11 63 13 61 50 68 59 75 87 72 26 67 65 50 80 11 25 54 43 80 76 76 37 35 31 06 86 65 57 06 48 67 69 36 16 06 15 50 80 77 33 17 55 74 43 22 84 43 75 14 34 39 65 46 49 71 51 22 47 83 28 06 62 72 42 53 77 32 14 44 21 47 61 51 32 79 49 03 33 11 81 66 25 33 23 49 16 49 71 62 
20 74 44 57 57 85 21 21 04 34 64 88 56 12 51 87 02 75 66 10 61 58 75 86 66 73 22 81 10 04 55 29 77 74 85 21 70 81 41 49 26 17 49 58 28 75 56 06 37 09 15 09 42 66 70 20 26 04 12 11 71 42 39 36 27 11 56 72 67 73 33 05 65 57 62 04 19 05 73 55 78 88 39 31 41 21 50 66 88 38 77 70 55 03 17 82 78 49 41 56 
33 49 36 09 17 73 76 11 78 61 65 67 36 80 73 76 76 35 53 75 48 17 32 14 84 25 71 73 73 24 40 81 72 52 01 65 36 52 75 01 24 28 43 35 19 28 22 70 38 51 56 85 43 63 74 38 87 57 22 71 80 38 63 39 01 39 15 12 67 66 13 66 69 31 13 87 58 34 44 71 60 11 43 15 73 29 52 72 61 50 30 52 63 69 66 39 83 57 50 61 
34 38 39 14 69 51 76 14 60 31 85 08 17 39 86 65 43 25 24 15 74 54 42 24 10 20 62 04 76 24 41 85 37 55 74 17 81 61 07 52 67 03 35 83 17 32 59 60 57 59 74 18 24 04 42 09 23 15 76 74 14 28 70 27 82 55 19 74 03 25 14 69 27 24 39 44 32 73 79 88 43 40 81 42 43 10 50 65 25 38 26 14 41 07 40 11 37 59 60 39 
59 49 83 86 73 33 17 16 82 71 79 36 22 47 54 65 57 15 17 57 28 43 46 45 25 86 31 62 32 02 76 02 51 71 63 11 79 55 02 72 37 56 84 35 14 49 75 46 39 67 14 43 21 60 63 22 33 05 83 40 06 70 17 32 52 56 18 19 22 83 02 35 50 61 45 40 21 31 85 36 09 75 54 06 46 28 27 54 32 21 05 13 66 21 21 06 76 14 24 74 
09 01 84 34 62 40 73 82 70 46 05 54 32 58 59 53 61 61 18 04 57 22 81 35 18 13 16 06 26 39 55 10 39 50 44 12 01 04 70 46 49 50 75 56 84 22 20 56 82 37 36 51 34 28 61 52 16 76 33 17 26 63 27 40 24 70 28 88 49 09 21 10 34 07 65 29 28 61 85 22 73 32 72 19 35 44 46 50 07 54 66 32 28 68 47 27 25 74 26 74 
58 46 59 04 52 35 32 80 71 04 77 56 11 36 50 45 55 07 06 61 36 48 68 63 03 26 01 28 12 02 77 45 47 47 48 74 57 56 41 40 59 05 07 46 40 56 02 06 38 72 66 73 07 21 23 09 47 87 12 58 88 88 14 22 22 38 71 79 69 24 30 15 04 12 60 44 43 62 25 80 45 67 40 51 87 62 35 45 36 47 78 11 22 68 32 44 17 78 34 61 
77 39 75 81 50 47 36 68 84 60 59 40 38 74 66 13 23 12 57 58 58 47 68 56 02 75 11 82 40 20 54 29 58 40 21 83 62 32 62 57 67 08 72 81 81 49 05 15 37 61 72 70 83 27 37 84 77 47 77 28 66 18 56 11 58 52 69 07 83 18 64 62 25 47 54 17 72 58 07 20 06 54 01 01 80 38 60 44 60 25 72 14 42 39 24 11 67 69 82 61 
86 57 10 23 15 39 15 62 08 22 81 78 51 82 54 43 31 25 86 02 25 45 15 67 60 15 53 38 83 46 74 56 14 84 78 05 34 69 66 18 66 35 07 28 28 36 46 34 36 20 11 61 64 02 39 35 16 67 48 74 25 34 17 14 29 07 82 38 51 36 55 28 70 37 55 09 72 77 18 20 08 28 80 71 29 06 82 20 72 41 69 08 50 86 86 78 68 79 04 30 
26 58 33 07 71 63 79 54 51 08 49 58 36 40 17 40 21 10 60 05 26 40 76 76 13 73 41 80 64 44 85 65 78 29 72 60 68 38 25 30 46 50 88 57 01 16 08 22 01 43 02 26 83 77 13 71 38 30 63 77 73 35 53 38 40 12 09 19 50 10 48 07 59 23 63 35 14 46 32 14 01 33 16 59 86 04 41 35 33 79 23 82 26 75 31 65 87 40 59 24 
25 18 30 83 17 68 29 30 25 61 20 25 69 35 59 66 38 12 12 47 66 34 40 03 85 46 43 59 85 13 82 85 07 87 79 23 66 84 52 66 32 71 67 12 81 37 54 07 24 65 53 02 75 68 68 47 25 87 17 86 11 74 82 81 72 49 15 25 20 43 66 51 01 20 38 82 57 03 64 56 44 28 57 30 71 37 52 71 35 44 68 21 29 38 14 76 62 04 76 81 
46 53 19 47 49 56 16 17 35 79 72 78 82 17 83 40 29 46 22 63 01 66 59 29 15 48 80 76 52 67 44 73 07 62 07 55 29 86 47 63 52 07 28 45 87 22 60 27 67 82 65 43 35 35 47 49 59 38 12 22 80 55 70 63 28 77 05 32 74 52 07 38 34 34 58 32 32 30 58 10 87 34 29 33 44 75 57 14 25 68 11 16 10 57 54 37 45 59 68 06 
22 50 19 31 60 77 62 03 82 07 76 56 16 16 88 35 03 32 25 03 11 11 82 84 67 48 32 23 18 75 05 15 13 23 21 72 75 82 50 68 64 13 11 79 05 10 25 71 17 49 49 03 60 42 86 14 65 29 37 58 80 17 72 04 39 04 51 26 61 76 69 36 64 80 02 44 65 03 26 82 27 74 84 86 04 82 76 68 86 24 38 53 16 85 32 54 65 58 55 37 
21 12 49 85 67 50 40 43 52 42 12 79 03 72 52 06 41 39 50 14 38 87 67 29 59 74 83 35 44 25 48 64 36 08 36 14 33 76 33 61 29 20 27 07 03 54 13 43 69 62 33 82 36 11 23 06 60 81 41 15 17 88 55 29 71 02 18 15 77 26 51 81 46 77 88 24 43 76 43 23 49 75 16 84 61 14 65 32 06 17 47 87 80 77 27 62 78 20 53 43 
46 15 35 03 68 10 26 22 85 68 20 21 30 11 80 02 25 57 34 06 49 56 04 41 44 30 78 09 50 18 51 71 09 62 49 76 71 74 73 44 30 68 64 59 78 56 37 78 88 70 60 48 13 63 64 56 69 30 64 06 47 03 76 31 64 36 18 46 85 66 01 26 45 41 61 11 72 09 88 71 54 35 06 66 10 46 09 78 75 48 83 09 50 70 40 25 81 33 71 77 
11 47 79 55 63 51 65 46 35 41 04 64 75 74 41 84 31 49 49 81 08 43 65 34 88 80 58 80 25 16 45 35 63 35 65 13 61 18 59 07 58 38 46 20 23 86 80 29 22 40 85 05 59 38 38 34 29 08 02 29 87 46 39 37 80 16 50 52 09 84 34 66 33 79 61 32 52 52 36 73 68 09 53 14 46 03 47 50 74 48 55 72 69 05 21 60 84 46 87 04 
41 08 45 73 86 18 80 25 45 28 73 88 12 38 13 33 16 60 82 65 83 48 48 64 29 44 11 88 01 10 04 41 17 24 02 79 17 81 79 62 84 64 61 07 13 74 39 04 21 09 68 79 32 03 30 36 47 41 36 23 26 15 40 18 38 17 72 55 73 63 04 69 14 40 51 26 01 66 05 85 50 72 76 81 74 81 05 08 09 40 07 34 54 46 28 67 38 75 09 22 
25 12 66 38 28 29 39 28 70 43 25 31 26 76 87 76 68 03 83 77 42 01 86 71 22 25 26 35 12 34 57 36 22 34 50 49 38 88 52 83 43 76 25 44 63 88 31 43 02 02 31 20 66 04 66 88 29 03 34 16 13 66 27 10 76 76 34 25 76 85 84 06 49 84 49 23 83 56 41 61 57 47 80 34 51 33 09 55 12 19 70 88 84 72 09 71 60 18 72 23 
78 67 28 38 62 52 37 33 19 53 05 51 12 60 61 38 04 69 68 79 87 25 78 59 08 86 17 43 79 64 65 69 42 68 18 80 08 30 88 02 83 04 53 70 63 25 19 42 69 86 33 44 22 22 14 05 84 06 48 74 70 24 30 87 68 48 78 75 77 77 76 71 56 16 52 06 16 46 24 85 19 56 16 16 53 29 21 24 10 68 74 79 67 15 78 22 38 43 08 03 
32 60 49 63 51 77 69 43 34 04 39 29 35 54 44 63 58 40 63 67 83 48 58 38 38 23 59 52 65 43 54 72 78 14 47 40 66 27 82 76 06 08 16 16 37 35 78 06 51 52 49 45 75 82 82 01 16 53 52 56 07 81 40 84 70 86 11 48 88 69 35 69 76 50 84 25 60 73 06 22 13 30 43 87 23 36 87 14 64 26 70 46 18 21 17 88 82 28 47 57 
72 57 37 59 18 08 59 53 80 41 51 68 70 05 67 69 40 41 82 80 43 39 37 60 35 54 35 04 57 81 60 16 49 72 74 42 79 21 71 47 61 33 26 18 37 68 86 52 85 56 43 39 06 56 74 17 21 21 20 53 77 56 68 38 39 29 55 06 25 13 52 85 45 53 79 81 09 76 21 69 19 63 19 01 30 68 17 26 88 36 54 77 67 09 02 18 14 32 23 38 
45 50 11 01 78 01 58 86 76 78 42 71 28 36 71 34 16 87 35 15 10 01 67 77 73 44 70 86 76 68 36 08 05 46 72 82 46 41 56 09 06 09 79 10 45 37 43 36 11 53 26 21 53 05 73 38 24 30 35 11 09 46 82 77 03 66 70 48 18 13 33 88 86 23 73 18 36 27 53 46 55 78 42 20 58 02 33 82 31 43 68 15 01 62 03 03 39 49 27 32 
37 59 31 34 57 15 51 04 17 79 50 72 69 67 67 38 69 75 07 11 29 75 02 05 48 68 08 86 28 10 29 41 44 36 74 76 26 13 80 19 03 17 66 47 59 44 61 39 30 67 26 34 53 27 39 76 06 22 73 10 07 78 50 50 01 35 37 02 23 04 20 02 84 85 48 55 16 20 05 45 87 30 55 27 56 69 15 38 02 63 47 08 28 08 33 28 18 69 30 17 
73 25 18 44 22 65 10 37 61 79 58 59 20 88 61 52 68 75 65 69 26 23 52 53 06 84 57 87 64 62 15 24 86 32 44 19 73 53 32 45 43 65 79 39 64 51 66 43 14 42 87 39 40 50 03 21 21 35 19 60 08 10 60 06 17 15 88 01 43 07 21 62 71 11 12 22 38 53 64 51 06 38 01 45 87 67 65 83 14 59 55 85 68 26 02 61 40 66 61 58 
72 58 31 31 68 18 52 17 70 04 43 75 41 19 07 16 62 47 10 51 82 64 47 37 65 25 09 16 02 46 50 49 15 80 55 82 10 19 75 79 86 05 42 38 24 24 29 61 47 39 23 40 78 69 52 55 05 61 46 70 18 07 31 32 87 61 01 72 79 51 62 52 32 79 02 31 79 30 03 37 44 25 52 10 05 15 40 74 75 85 55 68 68 61 75 42 34 52 25 88 
78 62 52 21 29 29 51 19 34 53 55 78 77 82 63 58 08 14 43 59 74 09 14 53 70 01 70 79 52 06 78 41 44 41 62 72 69 88 66 79 53 08 44 17 01 18 74 72 31 28 18 16 37 32 45 82 32 26 72 59 08 61 75 51 78 48 10 34 24 51 24 76 58 67 04 34 84 78 17 02 17 35 18 29 66 62 22 73 63 69 43 70 42 29 32 07 53 17 40 76 
67 40 39 12 18 18 45 78 71 62 79 64 72 72 04 25 21 02 09 84 70 27 65 23 55 73 05 83 01 45 46 44 84 60 55 77 78 12 66 60 49 33 35 32 80 39 56 13 16 64 72 85 66 48 84 08 08 88 03 09 20 24 28 15 84 82 68 73 69 45 20 29 53 55 60 45 69 03 57 60 42 40 56 19 63 51 27 71 27 05 55 46 28 82 37 87 51 16 47 32 
36 67 60 01 09 08 45 53 74 77 24 28 04 79 22 66 18 48 24 44 28 78 65 32 47 13 30 74 04 77 17 40 55 52 40 63 35 60 03 21 48 26 24 27 16 45 04 09 69 04 28 72 57 05 15 80 81 45 65 85 33 81 36 63 20 51 13 55 22 15 51 45 16 74 71 07 06 50 16 50 53 43 34 86 23 48 77 80 68 53 76 76 21 87 50 16 49 38 46 46 
28 08 66 43 57 48 50 39 73 65 88 14 83 33 11 82 57 63 73 36 27 36 24 23 34 49 38 58 87 84 79 02 67 56 45 36 79 06 50 39 46 49 52 16 58 38 73 26 12 57 37 38 68 60 36 13 21 74 46 83 45 12 84 23 43 40 34 33 21 83 72 42 20 11 58 77 49 42 78 60 75 26 74 54 86 21 43 82 70 64 52 26 76 47 49 30 63 58 39 59 
53 22 13 72 08 46 36 56 87 25 28 49 50 77 15 47 09 33 16 79 08 67 80 83 02 16 25 64 74 63 34 14 60 46 85 43 67 32 11 42 56 14 02 81 02 80 16 10 24 31 64 32 10 32 26 75 47 26 50 08 64 59 21 11 17 17 54 59 24 40 12 55 53 14 48 54 05 63 39 05 69 79 36 54 22 37 40 44 39 01 52 78 60 72 01 52 65 30 22 64 
69 34 31 33 23 54 62 27 28 76 31 08 66 42 38 63 55 77 83 05 78 46 82 25 05 58 52 45 87 49 21 67 58 51 75 80 80 24 83 19 12 01 02 53 43 15 04 09 04 86 77 57 19 70 57 23 40 20 68 14 68 64 57 38 02 43 05 81 43 87 75 54 88 52 82 18 67 61 02 70 58 54 38 76 11 06 75 50 01 30 40 44 05 08 81 06 50 62 86 68 
60 72 09 35 11 03 28 77 63 05 58 09 58 71 60 69 52 46 06 52 75 45 08 55 52 64 60 78 37 33 57 73 80 66 19 03 44 23 79 82 27 25 66 85 07 38 41 59 83 46 86 46 67 05 12 30 45 48 83 81 56 52 65 48 05 60 50 24 82 16 81 84 40 59 56 23 08 08 57 66 30 54 87 08 35 75 37 79 34 08 71 01 35 24 24 15 59 49 38 28 
65 06 23 80 40 79 14 47 86 70 01 27 36 63 10 70 49 23 36 58 30 82 35 64 17 58 78 75 19 03 14 83 08 13 74 48 03 64 70 64 45 46 67 56 21 76 13 69 10 48 39 39 42 73 14 58 18 67 21 36 69 10 06 53 86 56 76 88 31 33 40 51 79 18 19 75 05 31 55 15 79 69 29 08 29 19 41 23 85 61 58 66 47 40 06 20 71 81 20 77 
25 59 39 15 52 33 01 56 64 32 46 30 76 51 37 81 69 77 15 65 26 48 18 48 63 23 67 45 79 62 33 16 08 72 06 59 80 71 03 31 14 48 60 65 10 72 33 54 37 47 07 38 71 88 61 45 23 15 02 13 77 10 04 60 81 10 31 49 80 09 79 69 32 51 21 18 10 54 71 22 76 77 59 58 77 31 15 75 46 80 63 10 01 43 69 58 52 75 18 19 
83 08 87 27 34 19 44 20 72 02 41 36 55 12 05 43 18 83 05 63 74 43 48 51 85 29 20 48 79 13 66 50 84 40 52 06 59 71 25 18 72 41 53 38 52 34 56 70 28 60 20 78 15 68 16 75 72 11 35 38 23 76 87 82 28 50 87 62 08 87 55 80 40 84 29 03 29 61 48 32 32 44 21 22 87 36 09 70 46 19 83 44 70 82 38 09 19 12 46 27 
11 13 82 50 08 86 28 12 58 52 43 66 71 40 63 69 51 47 26 73 65 20 28 23 77 41 07 72 53 53 10 39 41 67 64 48 64 03 35 34 30 77 11 12 04 49 80 55 08 81 39 48 13 66 70 65 83 77 48 23 17 33 61 57 11 36 80 75 14 26 84 44 78 70 31 82 30 87 48 37 79 62 61 67 39 42 44 09 06 03 31 22 12 03 54 22 14 21 72 04 
46 67 47 12 48 53 69 78 51 28 02 18 01 62 84 15 80 39 88 61 18 30 59 29 09 24 26 86 45 10 01 66 76 23 53 12 76 33 01 38 60 66 55 36 16 27 27 07 41 26 67 58 31 37 62 39 37 64 13 81 73 13 34 36 36 87 47 23 31 23 36 67 01 67 78 16 05 16 86 45 17 64 79 24 77 28 38 25 03 50 81 51 63 02 87 10 88 21 32 07 
