100 100 100
75 100 89 84 03 79 16 07 39 63 85 23 42 27 45 98 07 59 08 50 40 30 18 02 99 97 58 27 40 98 78 66 50 18 02 04 48 17 10 86 80 46 61 21 73 05 71 31 15 78 32 06 08 02 07 06 50 16 32 89 14 61 07 15 78 08 18 78 24 79 63 55 25 75 76 49 79 46 31 45 75 63 50 82 16 57 87 17 72 71 58 37 31 64 51 61 71 68 38 46 
47 52 01 23 27 28 71 05 25 01 02 99 15 51 81 82 59 19 99 83 89 56 71 20 71 22 80 41 41 17 38 39 20 90 61 46 69 83 03 93 36 04 44 02 06 76 84 65 94 34 99 83 89 69 54 59 90 85 51 83 53 40 21 72 30 34 18 98 68 20 43 03 23 86 05 80 61 40 44 06 73 94 40 61 63 93 71 04 29 73 86 81 12 59 05 41 44 22 91 11 
93 33 66 67 70 70 46 82 09 42 39 33 35 79 45 97 23 15 53 52 87 90 84 98 100 88 91 43 61 33 06 53 17 71 19 86 40 65 19 100 06 57 84 92 87 28 41 10 42 93 13 80 82 96 29 82 84 71 76 96 03 81 49 19 51 19 56 42 83 26 93 40 35 76 32 21 03 24 82 96 16 94 27 49 90 56 30 25 78 58 72 81 38 20 51 41 39 59 82 73 
84 27 65 70 54 48 91 09 71 24 56 86 18 83 34 59 90 16 35 67 73 06 99 62 26 50 02 16 60 36 88 95 62 04 65 67 51 07 75 21 30 31 58 47 65 92 05 54 59 91 72 83 97 71 44 74 72 98 89 31 33 28 25 46 32 41 12 82 47 39 55 77 69 12 23 85 55 80 38 65 70 09 47 66 31 43 91 54 40 79 84 72 59 61 69 90 53 80 23 100 
70 77 76 90 41 50 74 95 29 11 60 51 72 06 16 54 100 59 08 39 37 43 10 95 55 30 36 08 62 11 07 31 87 82 21 27 31 94 74 12 57 85 62 80 42 29 33 42 87 40 80 76 35 42 22 89 71 58 96 32 68 02 63 06 35 83 85 18 28 58 29 84 42 42 15 35 22 48 76 09 39 56 84 73 97 05 62 19 14 57 51 33 11 13 39 97 47 23 14 74 
32 94 10 25 35 24 59 57 23 35 17 62 42 52 34 90 08 47 08 22 56 58 06 66 22 44 62 20 18 28 46 49 21 55 25 08 30 84 16 05 70 84 66 63 35 51 52 94 98 11 67 05 21 73 22 42 16 35 62 34 62 07 34 35 13 11 94 94 46 61 98 15 44 15 29 30 66 32 23 15 42 42 19 62 14 40 56 81 74 17 14 88 75 100 74 39 10 67 32 55 
27 30 21 22 44 01 03 61 32 77 75 25 18 45 39 31 36 94 12 62 62 77 49 36 28 74 74 89 40 05 43 18 86 15 91 82 67 93 42 98 21 69 75 39 65 13 21 01 06 84 14 67 61 14 02 40 87 27 29 26 83 23 95 21 90 85 02 56 29 95 54 49 15 28 39 80 92 60 32 97 43 45 63 55 58 16 95 44 94 23 21 76 97 67 96 86 03 97 42 31 
44 47 31 58 26 22 37 17 81 20 65 75 64 27 30 73 94 76 16 87 50 88 62 46 54 10 32 56 58 25 38 01 23 21 59 48 42 47 16 74 67 80 48 82 58 29 55 51 04 22 89 05 10 50 51 15 11 34 23 69 10 12 69 32 32 79 79 25 26 94 50 44 25 50 25 82 78 79 32 34 01 20 38 62 21 40 76 32 73 50 52 82 62 20 13 45 51 43 22 28 
88 71 71 12 20 47 93 50 26 76 35 78 47 72 91 20 12 18 03 36 68 54 18 29 25 82 25 75 77 46 02 64 69 24 28 40 71 72 89 48 48 23 77 46 47 67 65 10 84 67 45 03 20 14 83 97 48 08 71 24 05 25 39 73 48 18 65 70 90 53 69 89 28 45 86 26 63 51 35 47 69 79 01 89 45 84 37 92 43 07 67 47 83 57 72 83 75 36 52 16 
40 21 04 67 17 89 44 80 91 78 78 60 09 78 100 05 13 36 96 55 94 14 54 77 70 25 59 44 60 62 11 51 34 14 70 51 55 13 82 45 43 59 04 51 88 55 55 01 90 02 55 84 67 08 12 36 84 22 32 95 35 42 46 21 08 15 71 62 27 04 58 69 62 14 71 49 68 77 01 10 30 56 45 96 15 08 84 99 29 67 93 15 60 90 35 67 04 05 80 83 
60 90 03 21 03 26 22 22 02 22 83 84 29 27 79 96 34 14 46 14 80 90 29 40 80 63 58 83 20 90 17 79 79 20 52 33 45 73 54 98 46 37 81 27 15 12 22 49 25 67 62 57 56 90 96 87 05 05 70 24 94 38 02 72 57 05 04 53 77 10 03 75 98 83 01 12 46 22 60 71 40 74 79 47 15 74 34 19 30 55 42 24 92 96 47 01 100 03 05 29 
12 07 03 61 42 55 72 87 28 32 09 67 57 87 65 71 12 98 90 42 52 83 17 96 30 15 96 82 17 100 10 80 59 64 92 100 18 64 38 45 47 47 11 03 85 75 73 97 25 14 90 28 49 58 23 78 72 18 59 41 70 20 72 28 83 64 79 100 27 16 44 73 14 06 27 51 33 51 47 57 65 88 84 65 45 59 42 16 76 53 08 97 72 80 76 55 95 54 54 73 
22 50 97 87 07 23 37 39 73 35 47 89 22 83 05 66 41 47 34 68 51 93 17 22 24 92 76 18 98 82 42 71 83 38 57 89 60 46 80 85 32 78 25 54 12 30 71 04 28 56 24 78 49 40 51 24 31 27 94 28 60 35 50 94 73 59 34 84 04 13 20 35 43 97 40 06 78 63 10 57 18 33 34 18 72 84 94 54 62 87 34 73 21 83 66 45 41 100 81 96 
64 52 83 58 48 22 64 25 36 73 81 54 57 66 23 28 02 16 33 15 54 66 88 27 49 53 71 41 04 03 89 68 55 71 25 02 44 40 79 80 12 11 85 68 29 07 47 30 75 80 44 28 97 83 54 97 88 77 38 91 79 26 10 33 48 87 87 91 26 17 22 90 27 58 57 55 65 56 36 91 87 32 18 83 14 24 80 01 100 69 44 30 94 53 63 93 39 01 35 17 
17 57 06 95 14 14 02 30 69 37 72 55 68 90 90 34 65 69 86 64 37 29 93 82 82 07 74 72 07 60 88 75 68 45 70 34 59 71 63 79 59 87 86 79 76 75 64 92 43 49 55 31 78 99 64 11 58 37 82 16 48 22 91 16 18 12 49 76 34 63 07 44 49 92 22 76 66 85 67 60 86 73 42 63 24 05 73 81 93 06 96 40 27 38 55 45 49 03 72 34 
66 78 78 66 21 51 42 86 88 08 97 73 33 38 35 56 42 59 36 34 64 83 74 43 21 80 39 21 83 62 55 100 40 84 65 12 34 58 98 73 66 46 45 98 84 31 53 77 89 40 63 05 22 36 47 94 15 85 15 49 46 21 100 37 04 17 49 89 74 98 14 91 95 58 88 30 89 92 07 29 83 69 33 05 56 31 98 22 67 64 71 65 84 22 53 39 38 53 80 64 
50 93 54 97 02 94 26 42 85 32 71 20 52 55 76 59 86 25 81 04 89 03 68 24 24 21 15 14 73 46 77 75 38 30 71 91 23 96 33 60 80 55 79 83 09 06 42 46 30 22 50 18 76 69 94 51 89 60 64 14 05 92 88 94 22 10 84 96 57 68 07 88 22 37 71 83 42 64 28 72 37 29 41 12 98 86 62 38 45 78 51 49 69 90 42 42 51 78 38 08 
45 44 47 19 33 69 01 74 32 80 97 20 09 38 83 58 23 45 47 68 74 50 68 42 39 62 84 42 39 73 49 35 16 47 53 100 16 53 74 99 33 70 19 93 59 01 50 82 97 96 01 70 45 68 12 36 81 47 77 71 19 77 06 86 23 10 86 90 63 59 89 47 80 07 39 39 07 40 72 04 87 24 25 84 43 88 71 24 34 99 94 52 75 99 38 49 09 75 39 23 
33 79 21 64 85 11 02 43 02 25 98 88 48 23 23 91 10 93 14 44 91 07 47 17 58 36 66 18 10 56 92 94 34 12 58 70 22 11 12 23 36 10 62 83 84 85 73 45 77 38 40 20 97 87 36 54 22 53 23 84 60 14 77 45 77 34 14 98 45 78 72 80 39 33 14 22 69 39 66 98 76 06 17 72 44 52 77 17 57 51 100 16 64 29 61 92 62 74 89 58 
03 12 89 41 97 03 62 65 93 80 62 68 37 30 92 80 82 20 48 38 71 48 05 86 28 65 78 41 91 18 99 93 30 39 86 78 93 99 42 85 78 56 05 66 85 96 97 18 15 45 07 85 44 12 23 71 28 100 11 18 69 61 63 98 100 48 75 44 46 69 29 76 24 33 41 08 28 38 26 94 34 84 31 77 95 53 99 23 04 09 92 72 22 06 22 21 05 48 64 51 
16 44 78 91 76 70 51 55 59 28 01 92 11 31 20 06 35 18 80 90 79 71 61 100 29 34 72 33 82 87 35 49 31 12 92 58 34 42 65 92 21 65 36 31 47 55 88 33 25 19 22 55 90 34 06 18 68 29 02 49 15 37 49 97 48 40 07 33 33 71 25 53 87 60 84 85 66 23 17 42 42 90 96 83 23 01 52 90 29 53 90 96 89 39 44 89 30 50 21 63 
72 97 15 10 08 50 94 26 73 62 67 66 03 63 48 26 15 51 15 96 03 57 43 44 95 86 84 24 88 56 86 59 05 53 69 12 02 14 37 26 28 04 91 30 18 90 07 84 40 74 31 95 30 73 90 76 11 25 51 98 80 89 56 36 41 76 48 42 42 36 20 21 91 10 50 60 52 09 44 43 82 26 37 11 99 78 86 61 02 36 58 34 24 65 69 64 93 16 58 34 
04 29 54 94 90 55 54 41 63 49 84 44 74 72 06 24 50 91 84 03 79 41 36 02 58 57 18 50 24 27 83 27 55 88 21 44 94 26 37 57 74 72 52 47 43 58 71 44 48 06 99 26 99 86 80 56 42 49 05 66 75 39 92 81 78 64 76 71 89 12 27 62 83 31 61 78 88 83 73 35 88 71 13 86 57 44 93 98 92 97 15 18 87 07 98 64 22 73 35 11 
37 13 24 71 43 36 48 30 18 21 17 58 43 81 95 51 24 88 01 67 36 15 84 23 73 33 38 95 57 72 05 93 37 80 64 79 16 63 61 85 35 29 42 78 61 37 80 36 76 80 02 11 95 37 85 19 69 23 13 25 46 69 70 82 49 85 13 16 47 25 100 34 53 94 63 13 82 42 48 57 22 01 19 68 37 04 86 57 78 51 33 23 19 02 57 19 86 21 86 85 
45 86 18 49 31 80 13 12 21 12 68 94 12 38 13 100 41 99 56 18 01 88 93 19 42 49 90 79 69 75 15 65 12 32 13 42 63 25 53 36 36 72 29 99 10 42 98 02 92 05 20 92 92 64 62 85 12 03 64 32 30 78 96 41 62 60 35 24 84 87 11 71 11 40 69 20 33 66 21 76 22 92 19 65 07 32 50 70 35 65 01 64 94 48 56 07 07 90 31 42 
29 41 12 39 32 32 10 16 49 82 91 70 26 61 35 32 93 84 02 79 100 54 94 93 02 49 100 60 91 82 02 71 74 65 61 58 97 70 73 45 03 16 15 28 76 49 60 20 84 13 98 83 66 91 27 19 92 78 79 34 11 32 04 85 48 16 94 44 37 18 89 39 33 55 19 61 55 30 80 38 42 30 72 59 72 98 78 15 28 08 48 38 91 03 74 38 18 67 82 54 
37 22 45 21 28 63 81 82 92 13 71 33 94 42 91 65 91 20 80 18 79 79 08 69 82 81 59 51 100 40 57 36 13 01 56 92 63 89 73 54 01 43 38 46 36 28 10 26 100 41 96 78 20 03 99 53 35 57 03 34 48 59 69 60 11 77 03 73 65 75 26 17 69 63 62 56 43 23 33 94 64 28 71 35 82 69 87 17 25 41 50 24 52 71 35 62 47 37 87 63 
63 64 79 83 27 40 38 21 62 71 14 77 50 36 11 32 57 49 100 33 42 49 57 93 71 91 06 69 28 92 31 90 56 09 25 34 100 62 06 14 84 71 90 34 06 01 17 14 01 16 47 42 16 03 86 87 45 44 07 24 35 38 66 42 98 90 27 98 51 84 11 87 54 100 20 12 52 88 25 53 03 23 46 70 77 32 08 22 75 15 45 61 52 10 55 01 51 33 98 02 
17 60 40 22 12 59 33 15 98 10 19 100 84 65 21 61 48 29 34 74 43 30 34 46 92 40 46 42 73 96 95 41 07 34 62 18 44 47 85 41 08 03 92 91 19 13 03 66 41 36 39 35 66 25 80 09 64 77 50 36 24 45 28 31 30 90 100 74 88 84 14 95 87 06 37 05 18 40 23 10 27 61 44 44 85 75 52 01 51 02 88 27 98 16 57 27 57 08 52 44 
92 66 90 30 23 26 86 92 17 08 01 44 21 44 87 05 18 91 57 20 44 45 46 41 60 54 19 68 62 71 11 05 88 52 34 10 77 19 01 46 27 01 41 47 96 79 03 65 69 60 36 12 56 82 52 67 87 23 34 100 45 96 04 32 47 37 93 75 56 45 20 34 97 60 80 92 39 34 56 59 45 43 71 100 24 74 66 63 96 99 62 40 46 66 23 92 02 15 67 09 
59 38 42 55 50 73 98 40 07 05 98 03 48 68 03 23 42 20 85 89 71 47 81 16 64 55 60 17 22 26 26 80 15 67 87 64 92 36 03 50 41 53 52 40 20 06 62 13 26 47 54 48 45 34 63 60 40 22 76 61 99 01 93 66 20 79 81 11 66 36 60 06 88 63 45 07 69 59 72 94 57 25 93 01 10 55 12 49 29 87 10 79 40 54 44 59 84 25 21 49 
60 32 07 47 94 51 05 14 09 76 59 65 52 51 17 61 58 80 62 86 67 23 64 58 76 60 68 59 36 40 07 47 71 13 45 16 16 49 30 76 77 40 93 80 91 61 93 48 41 54 85 59 28 100 16 03 59 35 13 46 74 19 92 44 84 36 11 51 37 92 26 65 32 70 44 22 83 36 21 23 41 05 33 68 04 100 70 15 34 34 60 07 05 52 02 88 39 64 90 75 
56 67 39 87 37 35 60 19 70 80 93 63 36 77 30 39 76 52 53 61 85 65 19 89 16 72 28 06 35 17 81 42 84 71 28 72 05 39 42 27 70 86 89 05 62 70 96 89 73 48 01 58 64 19 98 31 42 78 37 76 94 69 18 29 39 97 52 96 88 93 74 57 30 14 14 91 83 09 79 56 08 79 65 72 49 14 02 90 91 38 18 37 06 87 17 97 35 69 92 22 
13 65 31 43 78 44 85 12 52 16 19 59 94 35 82 95 49 84 36 39 73 53 27 79 39 44 75 74 64 18 47 28 34 77 22 63 72 07 74 75 22 45 86 67 79 67 13 27 02 49 18 75 01 44 53 92 39 79 17 54 96 63 34 29 92 55 43 15 13 16 90 34 60 75 53 39 93 65 17 95 13 34 69 14 30 73 57 20 51 73 26 98 35 59 78 78 65 20 93 78 
87 34 11 47 08 15 37 52 80 53 46 92 39 66 57 20 38 13 39 40 37 64 37 72 74 14 01 39 33 93 16 20 26 78 18 85 93 06 37 72 10 34 15 48 100 72 67 89 36 58 29 73 21 65 96 47 31 96 85 15 41 100 86 18 77 03 55 69 60 43 92 70 28 07 17 27 30 36 68 65 93 96 89 65 12 84 11 42 32 95 57 24 46 42 93 75 97 99 43 56 
41 87 77 69 93 94 47 22 81 14 38 73 61 27 89 73 62 100 14 45 46 22 20 44 16 13 18 12 11 12 19 04 98 96 24 90 41 70 63 21 36 01 45 96 79 85 20 92 36 34 37 82 07 08 25 22 20 94 85 83 05 04 38 03 51 61 92 91 30 07 63 17 07 59 65 37 43 84 28 79 69 64 12 76 24 88 97 95 81 34 77 85 37 66 39 87 26 83 29 08 
89 91 24 47 49 88 83 43 72 10 73 40 26 84 67 49 23 16 43 03 49 72 40 85 37 78 23 63 12 51 70 100 93 45 46 93 33 28 87 56 38 60 47 15 43 14 63 66 29 05 20 77 28 11 13 65 41 35 79 52 37 100 52 81 44 49 25 28 77 11 83 66 70 30 80 13 95 94 30 23 50 01 99 78 12 63 94 52 97 72 55 85 71 58 65 14 07 41 94 35 
51 76 52 21 57 31 85 51 76 66 25 25 66 75 54 29 37 47 80 33 18 87 69 40 44 85 06 50 25 99 84 76 74 87 48 83 17 84 85 44 49 10 21 14 84 74 95 21 21 26 05 90 12 26 30 56 10 87 57 87 85 93 14 10 79 61 92 48 44 77 91 44 38 11 09 21 37 03 93 09 29 50 98 40 75 79 47 36 65 04 22 01 96 35 11 26 47 02 73 90 
30 64 33 67 26 42 88 62 96 32 70 24 81 20 16 55 50 62 91 67 17 12 67 12 99 77 90 45 79 62 87 60 77 71 27 03 64 66 16 60 97 38 35 78 09 50 84 58 12 74 76 28 38 43 92 36 19 81 32 49 94 70 09 71 41 87 25 04 52 92 15 48 29 50 77 89 99 61 99 62 86 74 42 23 16 33 10 87 65 94 87 58 63 47 28 55 85 04 11 36 
96 25 36 76 74 12 65 25 24 63 86 10 88 27 84 04 11 46 42 75 91 80 85 53 79 64 08 63 68 18 51 63 94 86 38 20 49 54 44 73 16 81 34 04 60 69 59 22 66 52 49 56 83 33 61 13 96 20 76 63 37 26 77 82 63 67 01 11 20 96 35 88 29 20 43 88 41 01 09 06 04 57 14 38 41 74 51 37 93 78 51 81 55 28 62 17 94 15 79 65 
10 66 52 38 37 94 77 29 46 38 35 49 46 48 39 87 73 89 75 65 66 25 97 20 04 10 88 49 24 18 14 86 35 65 75 72 11 52 100 56 41 86 57 86 85 95 72 09 83 98 73 100 23 21 71 78 31 10 27 06 27 92 91 14 56 18 37 66 21 88 74 61 74 30 46 10 24 70 19 58 67 43 57 41 64 79 71 46 88 97 51 66 88 94 79 95 11 15 13 31 
03 86 91 28 15 88 37 90 09 55 47 76 50 55 68 13 33 38 58 20 86 60 85 25 53 64 20 15 78 84 45 32 69 87 59 35 75 96 24 83 02 22 10 51 76 30 15 08 19 24 27 05 84 63 81 88 26 52 03 56 35 99 87 55 86 46 89 60 93 64 94 94 37 56 97 12 85 11 19 55 35 97 11 18 60 92 57 37 43 59 92 78 58 31 84 43 28 73 54 20 
88 99 65 25 54 61 88 90 72 07 45 06 55 55 75 14 46 31 03 41 42 46 70 99 76 53 93 03 77 98 74 65 96 91 41 02 51 28 91 74 86 87 79 41 94 05 06 91 88 08 31 29 54 100 27 81 53 71 36 81 68 09 45 15 99 37 16 02 65 59 75 50 45 06 42 38 10 48 29 97 07 11 77 12 11 03 93 15 25 28 47 92 36 92 07 87 80 74 88 44 
32 14 46 29 19 39 66 81 86 46 29 45 57 06 56 19 60 48 85 85 75 31 28 63 74 86 01 54 60 40 49 43 53 46 71 24 85 37 56 22 34 84 66 42 41 74 60 53 21 96 37 48 27 16 10 52 02 62 05 13 01 06 55 53 51 26 76 35 14 31 57 47 67 74 89 59 47 100 11 20 96 99 67 74 15 28 77 68 89 82 80 89 87 34 41 89 11 69 24 24 
51 32 23 69 57 11 28 04 62 90 23 09 89 41 34 55 68 11 74 56 44 53 96 82 38 88 70 49 08 45 24 59 76 46 79 33 08 58 88 70 48 62 30 88 02 64 94 69 26 67 76 69 71 71 50 60 10 19 60 18 64 84 76 91 29 06 75 37 64 14 58 63 75 39 02 28 02 95 96 27 13 23 47 35 45 96 46 55 67 06 72 82 41 99 24 69 04 51 57 19 
64 66 81 91 05 34 18 58 80 14 37 92 88 83 78 33 31 76 39 97 81 10 30 21 60 53 41 15 03 50 34 19 15 66 09 71 100 26 29 31 91 17 75 79 99 52 63 81 27 01 29 59 62 58 31 73 63 72 87 17 73 72 35 39 90 43 10 41 69 90 71 59 06 45 89 56 49 03 89 75 55 17 86 16 27 16 40 89 39 27 05 11 50 40 02 39 34 63 79 54 
04 50 13 61 46 53 16 94 56 56 21 10 73 06 78 99 73 17 39 12 95 43 74 45 34 27 35 20 89 14 73 92 15 37 52 60 90 20 06 45 75 26 06 99 31 83 97 03 52 87 66 98 82 92 42 15 18 77 86 07 42 59 50 08 95 02 67 84 73 24 80 47 49 38 98 31 72 46 86 23 33 51 21 14 94 14 80 12 42 66 70 35 24 19 42 70 72 61 54 44 
84 85 43 33 74 40 63 46 85 100 20 17 03 92 82 96 06 62 07 99 27 76 34 02 47 27 71 18 87 76 62 71 61 56 55 86 95 69 31 31 69 51 100 71 42 81 66 99 42 25 50 20 100 35 21 98 61 92 16 100 67 77 70 79 32 76 65 78 44 47 08 64 97 59 86 91 40 52 41 33 76 90 53 27 24 73 25 37 16 92 36 35 20 57 13 51 32 29 80 27 
76 39 43 24 98 28 14 37 79 55 69 06 96 73 85 20 46 61 08 61 04 43 95 23 99 60 25 82 40 04 08 67 42 02 91 91 30 56 79 60 62 100 18 58 72 54 29 69 14 36 82 69 78 28 91 28 87 15 09 79 18 68 45 11 70 87 02 99 43 32 10 56 31 27 13 03 80 93 23 45 28 04 13 57 32 03 84 70 17 44 48 86 12 45 49 33 31 02 83 25 
33 92 33 64 19 45 18 50 90 92 95 69 96 59 26 27 62 61 48 30 57 48 68 20 92 16 52 74 17 86 51 49 77 83 64 47 79 33 49 68 25 95 37 72 53 14 50 66 26 97 48 82 44 15 01 87 30 52 61 46 89 63 46 66 45 62 64 23 46 12 43 70 06 79 41 11 44 90 76 69 39 23 51 82 37 03 21 18 07 81 15 95 43 13 12 39 74 76 13 19 
39 55 41 97 85 33 07 28 23 82 49 13 57 51 94 45 53 66 63 59 46 29 54 40 41 65 30 14 92 43 85 31 97 25 27 34 57 85 13 31 18 61 43 74 11 89 19 16 54 33 74 52 61 27 43 02 44 73 67 35 15 51 17 63 75 43 48 84 79 61 14 97 73 57 70 36 97 40 51 50 24 24 01 37 03 44 38 98 68 56 32 34 07 49 48 33 43 96 16 22 
08 30 70 80 38 91 15 34 31 17 35 06 93 88 42 95 83 31 44 50 87 75 83 93 75 30 77 70 77 93 43 84 74 12 16 63 02 82 48 84 99 82 90 91 21 31 37 03 14 80 52 100 06 86 44 81 68 20 02 44 64 44 80 37 55 95 51 56 76 98 40 26 32 81 16 52 63 52 55 76 83 58 75 89 44 18 21 11 90 22 54 53 65 85 42 71 79 92 26 07 
42 17 32 73 97 48 76 12 51 30 87 34 88 62 74 31 31 94 93 20 15 46 25 31 31 66 01 61 09 78 67 50 95 99 74 43 98 50 54 100 31 93 85 18 06 58 100 36 03 92 08 17 90 84 99 20 01 99 32 09 77 99 11 23 49 84 17 98 85 71 97 16 15 34 85 20 91 85 07 94 76 14 62 65 49 13 36 49 11 20 10 39 18 20 61 18 55 78 67 92 
100 63 07 14 96 91 33 39 75 39 84 03 05 97 19 05 09 07 54 72 26 63 10 95 34 71 12 88 100 78 79 99 92 37 12 40 28 96 30 54 86 65 08 42 61 27 47 22 33 100 93 58 14 54 52 47 76 15 86 75 92 17 73 35 53 36 74 32 83 55 38 69 19 45 62 32 71 08 53 03 59 97 12 72 02 63 70 78 77 08 52 20 24 77 07 28 12 32 12 47 
87 49 67 05 45 28 88 16 36 40 70 46 88 82 70 90 96 39 67 25 98 70 96 73 46 02 01 10 34 64 56 72 64 22 76 08 49 64 23 36 55 45 82 95 78 51 36 73 41 02 49 39 71 45 11 69 98 63 78 31 26 33 54 41 54 30 49 54 45 71 90 51 67 71 97 44 21 32 69 13 85 69 51 08 13 14 76 63 76 53 45 54 85 99 94 90 80 42 43 76 
65 84 26 31 54 75 27 26 06 47 39 91 15 41 50 28 54 25 42 82 29 86 35 65 84 80 54 63 74 48 38 38 32 16 20 37 90 98 15 47 44 53 89 59 45 38 38 99 14 79 32 42 64 66 06 48 97 11 62 70 59 52 07 42 67 79 78 08 28 92 06 72 96 95 30 41 84 19 91 98 97 22 91 12 39 97 11 35 07 73 57 17 24 15 58 42 93 88 49 21 
31 54 44 27 100 25 19 36 43 61 33 39 34 75 02 24 71 13 58 30 85 14 46 60 29 56 01 73 95 01 45 25 54 88 03 06 12 73 41 54 85 25 44 18 99 46 41 22 10 51 03 94 16 48 53 96 55 05 21 01 05 65 26 10 05 80 67 68 53 07 22 89 83 17 07 34 14 99 07 23 01 09 68 17 08 72 64 63 76 84 15 80 01 40 42 57 72 08 24 76 
67 97 64 49 14 70 34 79 21 40 02 21 48 21 89 56 93 53 70 20 88 84 52 40 76 93 96 47 100 20 22 66 16 37 67 81 07 100 60 79 92 13 99 39 85 88 46 77 92 67 49 31 51 100 71 78 92 18 76 43 37 49 61 05 85 27 85 43 78 96 21 69 60 72 60 45 11 05 21 54 72 21 84 74 20 06 03 63 24 78 06 12 26 66 16 62 44 53 05 73 
100 77 42 60 48 53 04 10 09 76 63 32 97 47 05 16 52 59 79 27 36 36 39 13 53 06 75 96 10 31 68 10 07 61 69 07 13 24 16 22 99 79 53 47 77 10 15 80 68 93 07 56 80 97 68 32 54 94 27 16 24 46 77 83 07 45 41 71 20 08 92 70 86 97 17 14 06 31 94 25 75 52 80 54 100 100 85 05 93 63 20 69 08 96 03 66 92 43 37 63 
02 28 33 88 76 49 53 81 79 98 58 05 49 37 58 100 36 94 57 81 56 28 49 15 76 03 81 19 97 17 82 98 96 14 37 72 62 90 04 92 87 61 96 88 50 05 39 37 98 95 17 05 75 17 19 50 19 99 68 67 67 01 65 15 14 01 86 27 42 41 70 81 02 65 20 03 21 58 39 18 05 56 22 79 24 93 80 95 91 99 61 10 100 77 24 65 30 61 92 23 
01 61 03 54 78 22 08 50 32 47 68 88 54 41 18 77 33 97 23 76 95 36 85 46 12 60 11 41 72 54 64 72 66 18 78 95 92 85 45 23 83 12 62 36 04 79 65 37 75 87 12 21 22 48 67 86 59 29 78 30 82 41 53 47 11 82 42 02 67 86 76 49 49 37 37 52 15 01 40 41 87 03 13 61 02 79 46 60 59 23 41 40 16 94 39 78 75 80 79 93 
17 54 94 65 42 30 68 56 30 08 48 68 10 60 80 12 91 77 23 49 100 64 41 67 09 79 44 83 58 74 28 26 79 21 90 20 50 09 27 79 16 74 98 78 33 78 41 23 54 63 24 05 26 64 71 34 42 66 69 51 91 96 76 69 16 17 40 65 25 66 95 93 91 92 22 24 69 62 98 75 24 73 79 02 36 02 87 29 19 55 31 10 02 58 78 69 26 70 85 03 
35 79 95 78 23 16 53 91 29 50 17 52 75 96 05 62 97 92 43 67 98 73 76 52 83 06 20 08 75 05 10 61 35 56 38 57 23 90 100 51 92 16 55 66 63 11 27 11 02 69 78 52 94 53 55 76 58 74 83 84 30 45 45 17 52 34 73 75 24 24 77 15 40 31 32 02 42 10 13 95 31 90 98 24 94 52 51 04 78 85 87 59 29 83 75 81 17 48 07 40 
23 83 06 62 66 37 16 59 98 80 05 28 21 03 51 14 06 53 69 83 38 56 42 18 90 68 98 06 67 04 97 90 39 02 51 04 90 18 14 40 49 18 67 69 20 70 35 78 22 03 60 59 10 53 77 100 21 26 57 39 82 54 28 20 07 31 75 49 48 40 88 97 57 06 17 29 75 03 06 97 58 17 07 19 70 35 18 42 61 27 80 94 32 08 65 38 38 91 38 37 
30 77 85 86 83 54 14 57 56 71 05 13 88 12 84 09 98 01 50 10 79 81 03 10 40 67 100 29 57 37 18 38 14 02 24 48 55 89 04 63 60 09 27 99 72 10 07 69 63 08 31 41 88 33 03 80 52 02 08 60 90 25 98 55 79 73 02 85 13 06 47 24 66 26 22 89 87 28 57 49 35 39 42 75 72 96 54 23 97 13 82 38 38 31 93 68 03 94 52 16 
99 51 91 16 28 13 04 14 92 13 15 27 51 08 53 22 03 58 96 51 70 30 88 59 60 80 26 15 74 30 82 24 32 72 40 59 84 43 72 76 55 38 54 06 45 58 79 99 15 75 01 36 56 89 47 67 20 24 81 93 53 14 69 84 86 08 94 21 02 66 48 09 55 53 14 52 10 44 50 76 70 51 64 25 91 10 92 10 33 24 55 38 38 23 21 75 82 15 95 83 
32 95 91 38 47 56 89 09 52 91 36 21 93 99 98 83 08 41 44 93 64 50 30 53 72 02 27 05 16 22 40 99 68 82 37 14 38 77 74 41 67 10 13 11 60 10 45 68 50 89 12 66 38 41 18 62 42 45 18 10 18 57 60 85 39 48 50 28 25 24 68 43 85 80 54 44 42 98 63 43 38 74 60 28 66 78 41 08 74 58 69 43 15 28 79 05 28 28 32 52 
03 51 46 39 82 51 83 23 01 45 18 38 71 77 17 36 06 57 95 31 67 63 73 81 43 51 37 70 31 68 73 85 70 18 24 51 69 58 26 69 54 43 58 24 71 75 60 29 83 06 59 49 69 84 81 63 86 17 32 16 36 04 53 05 73 28 08 93 85 33 13 38 27 71 62 49 97 73 77 31 78 88 32 98 71 64 60 56 33 43 24 68 46 76 25 71 55 84 63 39 
16 76 28 94 98 89 42 46 13 71 28 43 58 59 40 28 23 52 83 55 94 06 74 92 33 50 62 87 33 76 77 100 03 05 93 100 45 87 97 10 57 25 52 14 35 43 41 57 94 75 63 88 81 37 79 65 38 92 04 71 67 32 70 70 36 15 21 33 01 18 42 57 94 93 70 28 87 62 37 81 36 51 20 68 39 50 85 77 41 88 47 59 19 68 28 07 82 49 39 34 
18 80 42 63 24 11 42 62 24 30 42 60 81 13 27 19 14 11 47 54 50 93 65 21 13 92 27 46 92 17 80 61 48 21 23 23 84 17 84 59 46 78 18 78 90 97 97 04 59 43 09 61 88 73 81 52 17 59 97 60 75 28 21 22 01 95 44 36 11 27 94 09 04 64 86 46 60 34 01 18 29 09 78 16 34 10 19 02 68 67 61 94 95 33 15 47 28 10 82 90 
89 27 50 92 90 36 89 49 21 89 19 49 50 48 16 83 10 34 84 77 01 96 71 47 29 37 93 56 47 26 97 35 04 47 78 94 34 19 94 54 07 12 03 56 12 70 90 21 04 73 49 56 69 71 02 49 08 46 04 06 23 52 92 26 50 21 19 35 39 13 89 98 76 43 53 39 12 95 59 15 67 60 22 87 30 23 35 89 20 90 94 42 94 37 68 43 58 38 78 48 
50 18 45 78 60 50 16 23 44 27 90 62 86 11 01 67 86 87 56 05 77 01 99 22 38 66 16 47 55 45 46 05 62 91 34 73 92 01 96 35 27 37 96 64 47 96 31 32 35 38 89 11 38 87 84 27 04 99 25 58 44 71 14 57 13 47 30 04 48 77 90 26 13 37 90 11 85 72 95 19 09 83 29 98 69 64 77 72 62 01 29 57 23 43 14 87 41 95 42 88 
71 31 66 35 68 07 45 52 78 39 70 38 73 50 87 93 13 63 64 26 16 45 83 90 39 96 77 79 42 18 19 12 49 84 98 68 90 94 19 19 85 40 08 57 41 94 50 53 57 65 78 24 09 12 13 99 59 89 78 100 59 48 63 59 83 60 26 24 06 96 42 90 87 49 46 27 42 47 79 50 64 08 73 24 72 38 23 30 26 52 82 36 99 44 94 81 56 71 56 61 
18 97 50 04 97 47 82 90 46 12 40 09 20 64 32 43 01 06 24 79 57 05 14 55 49 60 87 04 82 42 16 52 90 65 55 86 11 37 28 08 100 67 16 71 82 100 13 83 05 37 13 62 41 78 68 41 37 07 96 71 48 11 22 90 27 28 27 90 16 54 97 16 72 13 86 54 12 99 88 16 87 100 29 79 77 97 72 66 03 67 36 02 30 57 91 56 84 18 45 52 
71 94 67 95 06 52 48 69 02 35 36 88 34 65 67 62 61 38 27 15 56 62 16 85 70 59 93 06 76 89 57 98 82 23 92 39 26 91 59 28 25 95 15 10 11 33 24 23 70 50 37 78 64 04 14 33 62 06 90 89 47 46 87 28 20 30 19 46 21 77 73 97 23 39 07 85 72 30 07 93 31 95 70 94 51 84 79 12 41 68 53 39 66 91 67 37 20 37 82 92 
65 06 89 40 45 47 24 68 28 83 60 58 29 82 04 79 17 82 43 09 01 95 48 18 85 66 55 56 02 88 48 18 94 36 57 90 34 33 09 61 67 20 18 95 01 73 26 69 54 68 30 07 14 77 76 50 42 82 05 95 70 04 64 15 39 73 56 24 05 64 84 71 83 54 65 36 26 42 56 32 61 85 38 74 61 65 23 54 47 80 100 68 83 64 34 74 36 89 97 92 
04 33 62 38 86 78 73 11 72 29 42 32 65 31 06 26 96 80 31 94 11 31 61 46 46 46 19 33 34 67 24 89 99 37 26 84 66 51 95 37 31 36 69 95 67 74 20 14 05 03 07 16 33 19 13 30 64 31 62 49 49 85 37 100 73 62 83 38 64 29 75 94 17 43 89 35 68 60 100 72 62 06 39 94 76 51 75 39 33 36 87 34 72 75 33 44 36 67 82 100 
48 08 93 16 50 33 50 69 93 01 92 54 06 83 100 81 33 74 71 18 10 09 03 33 83 87 77 18 53 10 69 52 17 14 67 18 46 68 86 90 68 77 44 25 59 95 57 44 68 79 13 29 87 67 62 69 53 90 39 05 99 07 09 67 72 75 36 70 95 21 59 62 49 54 39 60 48 47 55 68 26 19 96 12 85 57 81 37 98 19 93 96 77 01 14 01 28 49 70 22 
69 80 35 70 34 25 81 33 72 35 100 97 05 48 08 89 04 88 77 02 58 21 49 35 74 63 35 01 63 56 74 84 35 08 53 20 33 85 05 04 71 04 52 75 51 59 15 07 99 43 60 56 63 60 42 36 74 28 88 37 83 61 20 70 21 24 41 53 08 45 08 78 01 11 52 03 69 18 09 67 60 20 23 22 32 16 58 05 44 45 41 26 58 60 47 78 35 88 82 42 
32 41 19 32 51 22 35 19 39 95 38 98 67 12 20 98 27 29 02 70 25 95 48 82 06 94 11 41 81 92 82 65 32 53 96 82 74 82 53 13 29 90 10 47 01 81 44 79 61 97 01 86 43 48 19 49 41 30 41 74 73 22 38 05 26 85 38 100 19 90 64 47 31 25 93 83 06 88 62 18 84 62 55 27 61 74 27 53 55 67 26 27 40 15 83 66 52 21 17 70 
62 80 16 93 56 60 27 13 47 88 31 82 01 85 60 61 10 38 66 16 04 43 95 96 58 77 13 09 97 29 30 59 60 97 03 15 56 29 28 54 69 10 87 21 46 47 34 08 36 99 23 40 41 17 87 50 94 99 10 42 27 39 52 38 35 06 04 42 35 31 47 55 92 34 75 38 32 08 45 67 06 19 58 99 36 44 48 81 42 10 22 20 48 26 57 35 31 61 28 65 
43 75 71 35 08 46 24 91 53 20 57 11 38 15 09 25 10 08 05 52 17 79 71 17 04 80 51 34 40 30 51 34 04 21 20 63 66 43 53 71 14 62 33 04 28 93 28 37 100 33 40 69 11 63 85 66 42 87 99 33 16 49 66 72 22 86 34 39 80 39 09 46 100 93 49 79 85 76 67 85 60 07 05 22 69 89 87 62 75 86 94 42 86 11 13 59 48 99 98 28 
37 58 73 88 51 21 66 35 48 32 71 08 38 75 29 58 15 16 19 41 53 64 83 90 75 47 49 22 45 46 01 81 55 25 68 05 97 85 92 45 17 14 04 06 41 32 64 55 99 34 96 51 50 30 41 24 28 41 97 73 38 50 05 92 26 73 49 23 57 92 19 25 05 22 31 45 53 46 52 52 31 99 54 80 28 46 55 55 86 04 79 23 53 84 67 78 56 15 52 64 
06 70 41 62 91 23 59 96 68 10 99 50 08 04 30 87 50 84 93 87 87 72 62 91 55 28 69 62 94 72 77 51 42 17 12 84 39 70 31 58 31 81 08 38 85 37 76 86 72 69 72 59 40 33 01 46 12 69 07 05 41 83 55 34 52 19 69 90 40 100 100 71 80 07 60 16 95 36 01 66 04 25 76 95 57 77 40 69 97 46 25 89 80 80 22 31 98 91 21 37 
42 20 59 73 78 19 89 72 54 41 37 09 17 65 03 26 41 42 46 37 39 70 26 18 01 99 49 50 89 21 39 82 92 97 55 69 15 95 92 20 87 80 28 04 44 30 29 36 23 74 25 61 43 50 79 96 100 79 45 41 99 83 22 42 80 76 62 94 70 53 66 57 32 93 12 28 23 40 63 97 65 87 58 59 88 36 54 88 14 99 28 64 81 01 05 12 77 66 58 98 
70 23 06 53 15 17 80 89 08 95 86 72 33 95 31 73 30 36 12 95 34 91 10 67 91 14 78 19 31 87 17 100 09 74 52 76 43 84 64 02 78 01 74 62 95 56 34 76 91 97 22 77 87 31 95 78 96 24 96 78 11 64 77 19 38 81 94 32 64 10 33 93 62 58 06 09 65 92 84 08 88 58 36 75 40 30 04 36 53 99 65 63 15 42 34 04 22 27 35 37 
88 19 81 50 77 86 58 41 77 93 100 65 02 35 91 42 64 94 29 17 44 93 31 58 86 64 61 59 43 47 95 30 66 27 31 94 13 40 86 89 85 86 05 86 20 95 79 84 40 59 52 36 04 34 93 89 50 06 48 92 52 94 73 69 21 56 62 85 95 48 73 31 85 30 69 04 76 47 39 68 58 42 03 61 76 95 49 77 52 48 68 04 94 92 24 66 47 86 50 94 
85 74 76 69 03 44 24 31 43 15 98 100 56 100 60 83 46 08 59 98 08 78 53 01 70 76 18 68 13 67 13 49 40 89 69 95 84 93 77 26 59 74 25 14 25 84 49 70 44 07 67 51 37 71 03 58 47 20 77 11 86 90 60 77 30 80 23 13 24 99 39 82 24 63 96 48 99 96 70 42 54 88 92 90 59 46 99 05 65 76 67 02 65 78 30 46 58 05 58 81 
55 48 63 79 63 10 78 61 05 47 02 58 35 45 100 93 90 98 49 06 73 67 59 89 45 88 34 02 92 44 82 47 43 44 77 05 05 06 65 09 53 66 19 39 10 18 83 51 15 83 56 40 49 14 28 93 54 14 46 97 57 80 95 99 23 71 56 80 29 20 88 33 86 06 71 47 23 05 50 90 87 57 29 87 71 56 32 76 21 77 72 29 56 67 80 31 89 35 10 69 
54 49 01 91 55 71 38 29 75 87 70 13 95 98 100 65 06 31 92 26 59 16 55 15 34 34 97 22 68 06 43 73 06 43 64 60 14 53 41 40 91 10 05 85 60 04 02 65 86 93 42 44 08 96 10 41 81 06 15 100 63 57 73 69 99 88 80 64 40 20 56 30 82 60 14 41 63 15 57 48 08 98 43 15 46 53 08 26 58 22 78 21 30 02 89 80 89 20 44 28 
92 99 57 73 58 70 65 72 85 21 71 44 70 13 10 15 65 17 93 75 90 70 95 19 71 35 51 59 06 94 86 97 44 42 69 53 63 33 24 47 05 94 90 75 58 100 89 75 68 81 49 58 02 95 28 72 81 78 82 86 23 19 83 66 12 03 18 75 88 93 73 92 38 63 18 96 14 59 70 33 91 70 90 93 16 70 16 96 99 50 33 22 68 15 39 80 70 57 06 57 
01 78 100 39 92 18 86 05 28 55 90 18 76 79 62 91 100 30 38 51 79 70 72 98 37 62 29 06 70 34 14 71 12 13 09 03 82 94 60 61 100 49 31 27 79 92 69 31 73 06 81 03 27 52 53 63 65 81 20 35 15 85 05 78 50 65 80 83 58 91 44 09 91 74 35 70 17 03 100 42 60 32 44 86 35 96 01 99 77 72 33 43 57 37 20 06 01 51 88 10 
94 31 18 84 56 04 05 25 58 56 66 17 87 09 03 21 57 03 20 85 74 04 27 30 41 98 87 93 100 75 55 93 57 24 77 65 28 81 89 85 89 06 02 75 14 56 48 22 58 67 06 83 70 84 65 62 81 51 07 81 77 61 25 86 84 53 02 63 86 90 48 74 95 01 48 60 56 95 34 65 13 39 47 35 75 63 48 07 66 54 39 94 66 64 79 02 16 80 64 01 
21 63 74 67 63 74 79 70 20 12 34 85 02 33 71 76 95 18 35 12 24 73 06 89 36 36 42 04 16 06 56 88 68 82 07 83 55 85 52 26 48 86 10 49 70 80 77 16 50 11 28 73 35 33 13 71 68 55 26 35 60 81 75 79 62 81 61 68 17 13 94 64 50 55 64 19 87 40 34 36 02 61 08 37 45 72 59 65 26 84 99 37 16 25 16 78 05 28 97 21 
92 90 36 41 97 100 11 83 91 45 70 93 57 29 81 02 100 39 18 78 74 16 14 89 93 81 18 97 61 67 70 52 56 57 93 04 56 55 86 99 99 55 43 08 35 23 61 35 13 78 12 38 93 77 78 85 58 48 34 18 14 55 21 21 11 65 25 19 20 62 17 18 69 11 25 03 85 37 37 97 14 100 86 59 77 63 43 86 10 28 55 23 34 75 44 45 40 20 15 59 
81 83 28 01 93 05 04 77 41 92 25 55 44 10 13 20 72 07 57 34 87 63 56 20 37 51 16 28 22 30 38 03 12 18 55 04 74 58 80 14 02 04 20 45 65 84 16 37 43 72 70 29 34 77 100 22 80 16 02 01 45 39 55 57 08 10 12 81 19 44 47 20 99 66 64 64 02 79 100 44 50 21 24 35 49 75 57 28 90 58 81 87 48 35 95 56 96 06 36 15 
49 82 34 48 100 98 63 53 76 14 48 78 34 23 64 82 97 72 62 87 81 42 25 29 28 19 36 24 24 23 38 25 57 23 24 08 20 86 60 48 99 07 77 84 29 92 17 77 64 78 15 44 71 39 24 51 57 59 74 33 34 63 57 42 85 32 49 57 69 08 56 67 66 84 02 46 75 18 74 38 48 89 82 18 27 05 68 84 16 93 16 01 55 24 42 92 55 90 100 23 
49 55 41 66 38 94 63 12 11 36 02 10 24 83 28 03 39 47 86 06 92 53 06 98 28 99 89 34 40 88 08 88 94 100 05 83 93 67 95 55 55 96 65 78 30 92 80 20 90 17 26 81 21 83 31 100 34 19 33 73 59 40 13 04 39 17 87 83 36 33 38 90 80 02 67 09 45 99 28 34 67 05 67 40 40 97 39 25 67 72 97 77 63 09 33 54 78 19 36 13 
51 73 02 30 26 20 90 70 70 69 56 89 26 74 28 65 22 18 41 40 89 37 17 04 98 01 09 75 19 44 87 21 69 40 02 46 59 91 16 29 59 71 17 84 96 96 100 17 13 40 56 54 29 24 57 78 24 17 52 94 60 90 14 80 29 15 26 39 05 93 19 16 15 35 51 10 82 51 78 95 42 33 100 22 57 08 99 32 24 50 26 35 91 39 15 71 06 92 10 10 
36 28 77 50 15 28 11 96 78 88 42 71 72 41 93 80 48 91 12 71 93 37 06 35 27 72 06 32 15 15 94 50 42 70 51 08 97 13 04 26 100 97 49 23 38 41 03 37 83 14 60 27 02 17 62 80 88 19 12 54 33 57 55 26 26 05 34 75 69 89 52 68 85 100 42 74 92 44 11 27 57 70 05 10 86 66 90 25 36 01 78 68 09 32 46 34 88 31 60 08 
