100 100 100
89 42 01 01 65 09 16 77 82 76 70 07 48 02 12 93 64 27 98 10 74 19 38 41 88 58 65 58 36 29 84 76 23 36 77 39 44 44 67 25 20 36 84 19 90 95 11 53 73 60 63 98 30 52 91 17 61 07 26 97 36 09 24 10 44 100 48 40 96 14 16 67 49 99 85 90 45 47 43 70 06 57 67 35 08 57 52 69 64 29 17 51 38 40 60 33 92 07 24 87 
72 92 53 72 42 89 62 87 35 04 56 40 12 74 26 19 31 77 39 94 58 55 96 95 47 55 79 38 13 55 76 36 46 80 07 87 68 68 25 02 23 32 93 34 06 18 05 36 47 95 81 04 02 28 50 48 34 80 85 98 34 12 33 31 91 39 18 58 59 94 11 81 26 55 67 31 72 23 18 70 17 50 25 18 77 74 17 62 06 53 59 39 64 91 22 54 29 91 63 87 
84 73 20 61 27 38 91 51 12 60 72 28 61 97 98 89 22 66 50 27 19 08 18 82 98 39 88 79 29 50 17 64 75 36 25 53 25 67 55 36 79 27 16 39 23 65 28 44 30 29 71 100 37 40 34 86 78 21 64 58 22 81 73 96 68 49 01 93 16 55 80 46 81 95 36 55 59 63 99 41 44 21 40 80 12 73 65 89 45 29 98 67 61 70 14 28 71 14 20 86 
21 100 83 53 46 18 08 57 33 58 97 76 30 88 55 41 13 71 81 57 51 78 75 11 99 89 39 69 54 10 06 26 09 88 79 07 06 86 63 38 95 11 65 24 98 19 64 62 41 96 71 92 73 45 54 23 85 92 44 91 02 49 16 62 89 94 20 46 31 82 35 25 92 99 100 42 17 15 03 09 10 73 100 34 70 06 57 06 97 100 96 50 100 64 64 88 09 83 85 92 
65 19 68 08 17 68 49 85 82 04 94 44 28 45 77 97 50 85 55 47 36 02 48 36 65 63 75 26 46 60 17 62 78 84 21 47 03 70 31 37 25 24 80 52 69 56 01 18 93 55 16 28 56 16 63 73 78 90 98 75 01 66 36 30 49 57 76 52 78 07 88 54 30 19 05 50 26 57 20 18 11 87 46 19 02 60 43 32 49 40 06 49 57 94 79 05 02 06 08 31 
12 47 84 94 65 40 95 91 97 14 60 59 53 05 29 06 65 71 37 65 62 95 66 18 40 96 75 93 01 82 75 13 29 58 58 45 49 52 87 45 18 47 56 70 51 84 27 67 55 16 84 68 10 49 86 01 96 60 45 96 93 19 60 73 28 17 18 76 69 04 73 38 50 28 07 53 11 33 71 17 100 54 85 61 54 22 61 49 81 05 97 25 23 56 98 02 73 15 78 93 
70 50 30 20 77 88 24 39 72 94 08 72 100 92 32 53 65 45 54 97 49 50 21 24 57 18 25 29 84 54 73 54 03 54 25 31 41 48 22 65 93 29 36 44 72 19 49 36 63 02 32 64 03 52 39 59 22 15 40 05 69 12 58 23 66 34 54 58 33 75 22 26 55 09 21 26 80 69 61 42 70 44 57 24 95 95 83 68 10 22 73 30 85 82 52 02 68 57 12 100 
83 33 77 37 94 98 62 73 66 74 66 88 69 23 11 64 69 93 83 30 66 55 59 51 89 63 04 56 19 15 07 54 100 84 90 45 33 04 17 98 29 34 85 98 08 96 13 77 40 95 58 06 02 69 08 42 31 11 49 01 78 55 54 77 38 96 21 22 51 89 20 31 74 04 28 82 51 92 10 91 87 67 48 40 35 55 33 17 17 81 18 46 35 23 22 25 70 94 46 72 
34 17 03 08 73 30 89 23 22 98 65 60 16 12 51 51 18 83 67 87 63 36 32 49 11 06 25 32 99 71 04 33 87 06 92 59 87 80 34 60 29 98 71 44 62 21 94 31 55 13 17 69 100 01 18 62 06 42 94 56 64 49 88 03 54 79 61 92 10 46 52 38 44 22 34 57 43 79 87 49 43 56 18 43 56 35 04 61 28 49 16 44 97 56 46 02 86 58 94 48 
04 45 37 99 18 70 55 60 01 93 09 43 48 78 85 03 64 41 15 91 41 83 86 38 90 31 91 27 89 36 74 44 80 63 42 98 84 48 09 84 40 69 27 40 98 11 94 61 03 09 04 44 43 89 33 32 20 23 10 60 59 36 03 90 98 96 39 81 95 100 65 34 68 91 25 18 53 19 78 56 79 81 99 21 70 31 04 41 05 13 52 15 48 54 05 97 01 95 78 95 
94 42 80 14 84 05 31 36 23 08 91 53 41 41 25 62 23 28 02 80 92 53 94 92 58 50 88 10 45 17 04 90 10 35 55 93 39 85 81 13 45 23 65 37 16 89 98 38 68 99 17 12 03 63 03 12 12 42 21 08 11 76 50 20 10 04 65 49 41 45 13 37 19 78 73 34 18 70 72 38 20 40 49 74 02 03 85 66 44 05 73 54 80 74 26 89 78 90 89 18 
86 02 54 56 31 78 90 100 47 13 37 18 04 85 91 58 87 75 23 83 31 47 88 62 21 13 02 98 54 91 67 91 44 72 47 26 49 36 25 95 100 62 12 03 98 54 60 37 80 82 71 10 81 58 23 01 71 24 50 76 66 68 67 09 39 13 86 87 100 11 81 99 24 44 01 73 49 13 09 28 94 31 37 26 89 59 78 11 34 27 86 100 94 52 60 84 16 46 70 15 
08 02 13 31 45 66 55 45 78 16 72 23 46 60 49 34 70 78 96 04 05 82 55 50 85 14 34 53 11 55 67 18 57 32 100 53 97 55 98 26 22 69 48 67 29 48 53 98 26 48 01 82 81 55 83 18 21 68 70 83 23 88 01 79 19 52 31 67 58 28 92 79 49 92 98 77 39 50 26 16 49 79 49 82 85 32 99 05 99 20 88 73 07 40 51 78 43 34 44 01 
61 88 31 09 79 28 37 69 29 63 37 78 41 85 59 77 16 09 82 67 28 21 39 86 12 42 63 06 75 59 06 87 46 89 96 76 68 84 96 97 98 32 26 90 69 36 67 36 96 100 02 75 20 93 60 83 34 75 88 60 85 46 46 82 86 93 57 53 77 52 01 26 36 78 16 04 65 82 91 60 81 93 34 52 37 46 34 22 72 73 81 56 70 78 37 55 71 45 60 99 
48 60 24 83 90 39 38 54 20 29 14 52 73 99 03 61 96 88 82 67 61 14 74 82 91 10 37 13 54 96 11 02 07 87 36 96 77 26 50 49 06 15 100 30 65 03 90 61 42 71 79 54 36 53 36 26 62 72 39 68 19 01 21 77 87 08 73 64 33 74 64 90 40 63 19 04 17 08 16 59 30 95 12 17 47 99 43 60 22 33 27 40 85 99 69 24 07 41 39 91 
66 02 81 57 64 51 12 81 11 28 91 92 22 54 09 20 53 03 79 74 87 58 66 71 56 34 94 62 26 32 05 43 33 37 99 49 39 10 81 49 89 71 93 10 24 01 81 28 03 60 54 89 69 19 11 24 52 05 38 29 88 42 71 21 30 69 69 68 30 49 17 19 71 09 80 46 61 61 74 15 72 27 55 40 97 65 15 100 21 52 28 09 45 98 29 74 18 49 94 99 
49 62 69 19 22 49 64 82 61 89 48 84 67 02 75 63 18 89 62 39 93 89 47 37 38 27 63 07 75 56 58 75 17 26 93 38 26 08 71 86 49 18 21 15 19 95 78 36 84 91 26 76 32 72 64 21 98 78 28 24 33 37 98 01 62 90 90 88 50 60 25 98 29 98 12 99 92 41 87 27 32 12 54 63 84 70 83 33 47 62 57 80 98 54 32 12 96 22 51 45 
33 27 94 14 24 57 12 68 98 98 94 29 62 100 43 45 69 77 29 67 39 85 98 88 91 30 99 86 03 49 82 87 28 75 100 51 31 12 18 80 61 64 60 22 63 02 18 83 79 47 49 69 31 47 56 21 76 07 58 30 07 39 16 34 65 16 37 48 79 54 27 39 17 87 61 31 88 78 13 18 24 14 38 07 60 46 27 87 52 37 68 10 27 83 96 92 50 32 39 28 
37 17 67 54 03 27 36 43 56 01 12 80 14 50 86 25 95 64 63 98 52 82 07 79 64 54 70 14 85 60 41 22 76 59 27 31 37 14 73 93 14 84 72 79 85 09 55 79 24 69 76 76 50 35 06 14 88 27 79 25 86 71 98 13 30 76 95 18 89 67 10 55 03 33 85 87 93 40 18 17 08 93 44 10 27 49 75 67 75 05 43 12 75 40 76 56 15 71 74 55 
89 35 09 91 68 46 30 60 85 47 28 44 91 71 05 70 71 79 36 97 83 78 08 10 69 36 17 35 06 90 89 46 77 50 89 44 95 18 03 31 16 31 26 06 53 31 75 24 09 62 72 44 91 32 53 11 67 69 45 24 11 86 69 87 87 09 82 33 78 36 15 93 66 40 51 71 22 77 46 83 91 17 26 33 48 30 44 66 50 40 41 60 77 62 98 63 70 79 47 48 
67 61 92 84 53 42 54 74 71 51 56 61 68 33 45 67 62 88 33 12 28 25 23 04 86 73 19 56 03 65 03 69 78 46 53 30 40 06 03 10 57 11 22 76 43 66 94 05 06 78 68 85 03 42 40 88 14 58 43 17 75 97 37 52 43 89 81 82 47 35 91 55 45 64 82 88 29 75 44 34 53 11 18 55 04 58 42 18 67 85 86 41 33 22 44 75 63 24 56 09 
59 98 15 55 61 96 42 42 70 37 75 22 99 45 28 03 54 70 20 20 06 57 13 38 78 56 65 92 32 20 100 42 18 66 96 30 61 90 71 83 26 98 56 25 42 84 27 47 05 98 66 62 54 30 99 83 86 63 75 69 35 26 10 04 92 05 33 52 94 56 86 20 53 42 96 46 77 22 92 81 19 09 42 72 39 92 06 76 07 80 44 93 06 53 96 97 57 80 100 03 
35 86 74 39 27 69 84 03 90 75 35 60 84 28 83 74 71 88 49 77 68 92 69 25 44 16 21 52 48 20 54 82 57 79 73 35 47 56 37 88 83 23 47 66 50 81 91 21 21 39 49 88 30 70 12 25 85 84 76 32 55 82 66 12 60 38 46 59 45 35 46 27 09 45 44 11 77 34 31 97 72 31 84 53 100 47 77 37 82 53 20 89 86 37 100 97 74 97 55 71 
83 01 97 44 97 41 54 73 26 84 70 50 14 05 02 66 04 79 02 37 83 21 25 20 58 24 16 83 73 71 53 07 23 02 50 19 94 03 43 19 38 64 68 04 69 22 69 24 52 70 60 34 42 85 53 51 60 68 86 32 90 38 91 12 91 40 82 84 95 25 03 32 88 22 35 08 95 03 31 46 24 91 31 18 27 35 68 86 55 53 70 44 43 60 56 33 51 37 69 45 
13 23 77 53 96 11 60 91 66 91 36 89 33 19 58 59 53 26 96 07 30 65 51 24 76 58 09 27 46 77 71 11 99 99 63 94 62 22 84 79 64 72 19 48 90 77 06 94 02 54 01 83 18 03 07 46 12 15 72 57 43 94 19 41 45 81 86 06 03 22 36 18 93 54 66 34 30 71 79 83 76 79 66 94 33 24 91 44 38 62 53 80 07 71 72 51 52 57 08 06 
78 95 23 22 49 88 07 78 11 86 61 38 16 26 31 49 49 73 44 38 34 48 69 93 19 92 95 22 48 55 79 78 49 53 51 97 41 10 75 03 95 87 40 62 64 23 62 64 95 06 53 81 05 21 25 23 12 19 96 11 73 74 40 74 27 43 70 19 52 96 73 98 82 64 59 97 38 73 60 85 30 12 17 34 84 41 09 47 59 04 10 84 30 49 57 08 91 26 78 94 
74 02 91 55 65 02 52 55 74 63 39 03 75 55 88 10 95 96 57 05 52 66 88 81 66 96 88 09 22 17 02 47 18 93 01 82 46 04 36 19 67 26 73 93 80 60 02 74 08 10 31 59 75 18 39 93 14 78 01 87 94 02 33 63 46 85 44 91 41 32 61 59 57 33 51 89 45 04 14 52 66 44 10 92 14 100 84 27 77 84 65 22 38 97 84 83 33 79 74 73 
62 34 31 71 19 33 59 63 89 24 66 54 68 75 45 81 26 81 59 54 16 23 75 53 71 10 36 55 40 61 28 02 46 10 72 16 95 82 30 83 05 95 88 72 21 84 04 46 64 14 51 80 36 25 84 58 86 19 13 26 31 92 27 29 01 50 96 95 31 26 29 87 72 16 11 93 100 14 90 15 80 41 46 15 17 30 25 55 100 89 80 31 80 58 11 80 07 06 27 89 
31 55 27 55 71 37 47 22 03 88 88 82 80 34 48 49 63 72 03 62 60 34 44 91 91 54 71 49 12 49 89 42 03 15 48 25 04 46 98 06 34 86 39 65 19 86 65 81 10 19 42 21 52 38 12 94 91 34 94 02 82 82 96 36 49 43 61 52 89 10 57 74 95 95 90 65 32 07 97 41 25 91 62 29 28 25 74 18 58 68 72 39 01 67 26 01 61 38 52 01 
48 60 26 94 06 16 59 38 74 55 30 98 45 43 78 72 67 52 42 76 71 13 14 23 31 92 24 43 29 27 44 76 87 21 70 44 88 28 33 61 34 63 11 31 57 88 02 76 91 43 51 13 07 17 36 89 08 59 32 36 37 27 12 23 47 33 67 35 12 51 95 45 65 57 75 22 45 29 97 87 23 99 100 30 15 35 70 22 45 01 58 81 27 21 56 26 53 74 60 64 
24 06 60 89 63 87 62 59 15 58 45 89 56 44 70 23 30 40 44 74 92 53 55 19 25 62 96 77 35 07 92 58 64 04 46 78 90 07 36 56 16 33 44 24 28 66 46 58 05 41 83 96 46 89 66 70 50 13 99 84 19 42 42 83 45 39 60 86 98 48 93 13 32 89 88 59 54 85 68 10 78 51 05 23 39 23 44 89 35 42 24 06 36 65 88 80 56 99 18 53 
98 10 17 29 98 05 40 03 41 59 12 18 09 17 92 100 91 88 40 77 81 63 82 16 80 69 48 35 20 65 87 69 74 03 50 24 59 89 26 52 47 38 21 08 06 13 07 96 100 46 72 32 60 06 48 39 26 95 73 45 59 59 66 84 14 15 59 24 55 37 75 53 74 96 60 31 60 18 78 11 15 01 42 75 06 89 13 32 35 86 28 45 96 93 81 61 07 39 37 61 
75 63 14 100 10 25 30 69 43 07 31 57 08 73 83 65 13 96 96 100 33 24 44 80 16 24 93 23 15 29 35 41 91 100 41 01 25 22 21 19 81 52 27 40 76 10 04 40 05 100 91 89 23 35 20 90 10 12 64 24 92 51 17 83 50 57 35 74 78 07 44 58 10 71 97 37 80 53 29 36 52 19 24 26 53 43 67 15 07 31 90 98 81 06 80 30 62 66 56 92 
25 51 01 34 21 50 23 100 02 51 35 05 69 10 30 74 05 96 88 11 78 77 08 10 83 40 92 96 05 47 39 81 49 40 15 70 41 89 21 42 39 08 46 07 17 27 80 73 74 19 83 52 96 91 61 30 30 52 25 86 50 64 19 99 55 85 20 95 73 40 88 11 47 85 69 16 11 01 88 84 19 71 87 14 13 100 95 94 03 72 31 05 35 49 55 41 33 74 87 05 
13 74 15 12 58 36 27 68 36 66 03 54 36 42 20 48 93 14 93 95 85 24 51 71 72 05 63 05 78 49 09 43 22 76 06 31 63 84 50 98 49 53 03 85 46 22 84 38 88 77 84 24 100 35 47 23 39 61 27 69 10 88 63 83 15 68 14 77 51 63 26 51 67 28 35 64 02 71 01 41 99 37 16 98 71 62 72 61 23 99 81 84 38 43 66 04 62 31 32 64 
94 57 15 12 36 01 76 89 71 28 29 69 64 45 18 86 58 90 99 32 40 79 15 77 74 33 32 35 63 63 51 08 71 65 20 06 65 47 95 88 26 75 56 42 71 74 79 29 15 77 12 54 56 27 82 81 11 13 15 73 27 65 33 97 81 04 54 98 50 48 85 75 75 40 68 45 65 47 73 31 23 37 84 30 63 17 10 25 81 77 49 59 93 81 55 26 84 09 23 85 
08 07 12 82 46 79 27 63 25 51 93 100 87 29 29 01 97 91 25 30 19 74 88 63 06 43 88 90 51 62 74 10 68 85 92 66 16 18 28 40 20 72 91 07 52 72 07 49 14 84 78 32 09 65 46 14 07 86 03 09 47 29 71 15 65 62 80 80 31 59 72 50 82 14 08 34 85 15 82 98 50 11 81 58 75 27 71 34 12 26 94 58 06 64 24 22 77 55 02 07 
65 25 09 47 38 16 80 75 82 13 72 31 23 53 40 49 31 63 34 94 40 28 03 45 43 27 66 20 33 19 78 98 95 86 96 85 02 27 59 83 39 30 66 13 34 05 13 16 67 47 09 06 74 12 02 16 90 20 87 22 38 65 71 85 50 66 69 03 92 79 38 82 60 03 46 94 59 59 61 78 05 70 35 78 33 89 45 22 08 84 95 97 48 18 81 49 35 01 04 27 
79 41 60 39 95 06 32 05 64 92 82 68 13 69 97 45 57 93 18 64 28 65 60 75 34 93 76 68 93 79 46 72 71 06 10 65 63 93 69 78 36 03 97 01 23 93 97 79 37 67 94 65 31 05 91 16 49 18 83 42 96 81 65 66 38 74 82 100 18 03 77 05 57 73 05 79 17 02 09 05 68 02 21 50 58 64 17 07 81 51 100 77 31 64 94 68 89 76 19 06 
30 95 62 86 19 67 64 35 20 72 92 39 25 12 40 34 75 08 40 56 58 39 84 89 54 77 08 42 04 27 99 33 73 61 18 92 79 33 78 50 56 69 40 80 33 79 66 07 86 05 14 95 96 97 35 49 26 43 91 81 21 89 14 45 01 83 36 79 68 66 28 23 86 67 03 18 97 68 25 34 24 38 81 71 87 15 20 12 09 62 44 29 02 09 74 55 92 61 33 59 
78 13 33 64 31 87 81 80 06 57 13 30 47 93 52 33 60 23 96 68 84 39 97 38 48 22 92 91 34 76 01 12 40 33 75 71 20 07 50 25 64 14 06 62 59 58 46 18 80 41 37 16 31 85 05 30 06 48 72 92 23 72 03 63 57 29 85 28 87 86 52 02 99 10 63 09 67 08 78 98 100 15 13 83 99 17 64 57 64 36 48 39 59 02 53 67 82 37 94 20 
74 46 22 72 07 36 33 73 96 10 70 47 24 35 29 75 03 93 31 19 80 30 09 38 31 61 05 64 49 50 83 22 47 04 45 53 92 77 25 87 87 47 33 62 33 14 88 35 06 18 05 37 47 13 26 29 73 82 92 21 32 75 94 78 30 39 31 21 15 07 59 53 53 44 67 37 57 54 72 14 24 28 50 70 41 75 51 65 57 42 38 88 16 31 17 98 69 47 70 36 
54 29 40 58 72 58 95 80 12 18 93 87 45 94 56 37 68 06 02 76 100 39 15 67 21 32 64 90 30 86 77 83 14 16 93 37 74 39 68 37 56 60 23 52 53 30 41 72 88 42 100 87 32 14 05 52 97 69 93 27 54 21 09 19 89 53 07 62 91 74 50 46 85 24 50 89 53 90 60 92 83 59 78 14 25 83 17 21 03 62 47 08 82 08 78 70 60 36 83 51 
61 84 48 45 07 49 33 12 38 44 03 72 03 33 37 27 15 54 99 69 15 46 28 48 53 05 18 12 92 52 14 52 36 62 48 42 10 80 53 100 75 56 71 77 88 08 55 54 13 54 74 79 51 01 26 03 57 95 66 48 47 32 51 82 93 98 23 54 29 28 05 03 83 28 32 22 87 38 27 99 91 100 29 93 52 54 95 08 49 13 07 95 44 57 76 88 54 50 93 82 
77 98 84 11 77 15 84 63 05 10 13 47 09 41 40 60 94 86 19 94 98 25 88 41 81 15 80 86 17 73 67 45 22 03 56 98 69 91 60 73 01 72 20 61 64 59 73 57 44 91 51 94 16 90 86 48 57 66 34 25 90 52 69 11 54 76 08 23 67 19 47 67 42 66 27 05 76 99 13 20 42 15 13 09 57 50 56 65 15 41 89 04 93 57 14 98 85 73 72 51 
43 19 69 84 84 47 40 12 98 05 31 39 19 95 47 27 44 54 91 11 47 79 66 39 88 80 36 72 04 08 74 99 78 42 34 13 88 74 24 85 30 06 75 48 52 21 27 48 27 17 58 73 96 23 63 35 54 50 06 10 09 31 08 86 72 41 99 59 66 22 96 95 80 70 95 31 43 21 78 21 37 87 93 84 10 55 70 15 56 27 24 65 57 83 50 28 24 48 39 89 
22 86 36 01 55 30 31 49 50 61 69 38 47 13 74 08 19 43 23 75 70 98 39 26 33 88 06 56 88 44 96 61 81 31 13 87 12 95 36 13 55 56 51 54 69 24 61 87 18 35 13 87 85 51 65 17 91 70 24 30 65 71 42 45 54 54 31 65 100 18 78 07 74 80 60 94 03 72 32 72 59 45 11 43 47 75 11 89 96 34 70 60 04 11 56 57 16 38 74 16 
56 51 74 81 30 33 26 84 56 57 55 14 53 17 56 52 91 18 40 86 51 10 97 07 72 04 15 88 42 88 55 49 90 28 81 19 12 06 54 67 14 61 81 67 77 88 70 20 06 09 05 08 70 54 14 42 57 81 81 50 68 87 50 58 66 30 28 77 87 82 95 01 94 27 19 70 15 88 89 72 48 46 79 18 51 45 11 59 25 43 09 44 29 10 01 94 40 29 22 26 
62 16 78 55 43 96 76 09 83 17 32 83 62 62 100 64 58 62 22 82 56 82 78 84 92 78 29 31 58 02 08 71 17 86 77 11 33 53 71 16 21 02 98 82 16 49 45 73 62 18 07 17 100 84 52 91 13 32 73 23 33 32 93 01 69 22 64 02 26 34 69 46 88 18 79 55 18 75 27 79 92 85 47 91 20 50 33 33 33 05 07 17 89 99 17 57 72 32 58 97 
18 26 42 57 43 20 11 60 94 89 90 38 74 88 80 93 89 13 77 21 69 83 37 57 34 06 14 05 89 23 54 06 49 95 62 43 67 24 55 12 13 44 49 38 84 81 82 72 93 11 93 61 93 81 70 78 38 83 35 27 57 88 32 57 34 46 100 100 69 06 64 33 49 64 22 84 44 04 56 36 66 100 49 10 80 18 88 18 52 22 96 08 09 79 65 42 24 16 94 45 
21 09 77 21 72 51 05 16 06 60 03 71 59 51 80 90 20 67 59 71 40 54 31 48 33 47 42 08 62 87 52 82 95 81 54 18 31 58 33 36 69 88 06 27 90 85 69 10 04 27 32 43 33 14 43 17 60 36 24 21 22 28 54 68 08 08 85 90 17 70 25 86 57 82 64 98 66 32 07 21 11 91 64 95 04 58 11 16 93 86 36 66 65 42 33 72 01 69 61 17 
38 37 02 46 18 18 44 36 49 02 56 11 92 71 57 48 28 67 63 72 05 50 37 69 43 21 93 43 90 05 12 79 94 13 25 11 82 20 46 83 21 54 93 65 24 50 12 04 68 26 75 24 75 12 45 18 84 89 12 73 93 23 52 86 88 28 49 69 47 46 51 19 99 96 83 75 45 94 30 64 71 56 88 46 67 84 15 03 72 26 75 64 49 78 02 36 05 02 56 03 
47 07 22 98 02 04 24 98 50 05 61 20 60 100 17 79 83 83 81 54 09 55 70 09 85 23 96 41 24 51 44 22 09 17 71 10 72 94 59 73 50 20 45 10 71 61 88 54 44 20 59 04 26 28 64 10 50 59 51 25 61 46 99 70 62 69 31 85 15 90 58 64 61 02 73 83 14 12 36 57 83 95 12 09 74 75 18 76 85 20 52 46 17 50 67 78 19 97 15 33 
38 72 48 50 73 73 33 86 84 20 95 67 66 58 27 92 85 96 67 69 16 18 14 32 68 80 62 38 29 76 70 18 47 69 20 71 41 04 08 25 23 54 43 41 12 21 32 96 16 50 16 31 67 30 15 86 61 28 23 41 03 44 11 01 13 30 23 53 33 30 29 07 36 23 99 99 43 30 46 11 79 61 41 98 42 07 35 55 34 10 95 88 05 05 88 69 86 10 22 18 
92 02 77 79 77 75 77 71 57 74 81 35 34 74 84 28 80 71 82 66 80 28 53 84 85 93 53 70 54 26 88 97 79 16 75 55 90 03 78 46 76 58 33 62 83 68 89 15 38 22 80 17 49 84 53 33 76 05 03 30 82 42 26 60 09 53 67 98 55 96 96 31 05 80 44 88 47 32 54 85 05 85 53 05 68 05 38 44 61 92 25 42 85 02 54 93 54 72 42 09 
67 89 91 71 68 34 10 15 17 63 99 21 47 51 25 15 08 14 10 68 57 86 62 41 87 15 85 41 86 79 01 04 67 91 74 35 24 36 49 92 98 99 12 97 01 88 63 08 02 24 76 10 09 37 03 47 03 87 39 40 17 39 43 84 29 68 70 04 03 18 95 53 68 58 01 68 46 63 76 99 38 03 08 98 91 62 44 93 01 83 84 17 73 26 100 54 45 69 09 48 
38 04 52 05 13 52 73 10 66 100 08 55 54 68 52 44 29 47 88 29 81 23 98 54 48 49 59 92 18 67 91 07 70 42 64 35 45 88 44 62 87 04 16 92 71 19 35 51 66 74 32 46 96 29 51 95 77 09 38 46 76 29 05 97 22 68 31 19 55 75 32 93 30 48 84 100 18 18 02 83 43 85 81 90 13 31 36 42 40 73 87 15 53 91 63 75 10 46 45 64 
72 76 56 01 75 39 52 93 08 53 27 02 38 07 43 02 38 78 95 29 51 82 95 55 24 57 29 86 02 25 49 73 53 57 25 27 95 76 71 55 29 50 56 18 56 99 71 45 76 66 25 78 99 19 33 74 28 13 59 81 38 08 06 42 64 30 20 10 06 43 64 86 92 20 55 99 70 77 96 45 42 20 75 40 91 07 66 70 19 24 02 08 83 07 49 98 89 69 08 46 
63 23 31 54 94 37 52 63 13 99 08 55 19 82 46 61 40 11 82 10 87 83 18 69 90 18 19 30 38 78 75 100 100 57 05 94 93 09 56 05 07 15 11 77 48 09 37 87 71 18 49 57 53 18 78 94 35 48 23 25 25 97 76 76 53 81 69 97 89 77 53 95 43 64 24 91 24 60 29 94 30 77 03 34 46 32 27 81 79 49 57 55 97 84 30 01 64 51 97 04 
27 49 51 69 64 74 11 87 85 92 33 66 20 87 99 66 18 25 98 48 25 54 54 21 37 83 21 53 33 17 08 11 18 58 32 81 83 42 20 68 33 52 85 53 38 84 18 07 08 15 54 33 20 07 05 08 41 26 60 26 94 68 36 11 77 67 44 60 09 63 79 93 14 63 97 03 46 14 09 06 80 14 90 99 72 94 07 12 71 18 37 65 37 73 75 66 91 18 25 51 
32 55 44 97 17 40 99 15 06 59 72 85 24 61 36 95 06 94 07 77 63 95 41 100 19 67 65 10 37 41 60 68 47 55 17 63 47 15 29 52 26 100 88 49 12 75 96 70 68 54 46 31 48 38 82 67 04 98 28 40 90 39 60 36 46 76 50 92 42 79 95 19 30 34 20 94 09 15 63 28 68 60 10 15 97 43 33 100 40 12 92 29 51 03 16 48 30 66 39 71 
96 85 42 77 18 61 70 78 75 84 06 42 43 67 08 39 10 93 91 01 04 34 30 06 36 45 53 17 62 43 87 57 27 80 34 97 40 03 74 14 39 79 07 81 98 15 72 07 59 62 07 14 47 88 20 82 85 24 98 46 67 36 03 45 16 36 41 07 90 15 21 28 45 79 61 42 45 32 100 03 93 59 17 91 46 88 72 30 11 21 28 29 08 30 26 75 17 66 34 06 
32 54 86 29 84 46 22 29 77 22 31 21 32 99 11 77 86 34 59 49 06 86 77 65 67 02 40 83 20 73 40 03 78 25 31 61 70 05 41 46 26 72 66 09 70 28 85 08 61 95 56 66 32 32 83 98 86 22 80 57 46 20 11 75 96 42 87 66 46 28 63 23 51 81 83 72 08 67 79 69 14 34 86 45 66 68 95 03 41 26 11 38 97 21 64 93 14 03 58 11 
82 20 33 32 100 15 03 60 34 82 28 99 67 65 95 84 85 89 86 77 15 48 67 11 69 30 03 82 84 12 93 65 84 77 96 35 44 51 94 29 84 73 27 50 38 73 34 74 62 71 50 76 19 16 38 39 98 93 72 81 04 64 46 39 93 93 74 88 95 67 68 78 40 46 80 29 18 65 02 79 35 03 06 05 71 44 95 68 36 67 100 91 82 97 82 26 90 55 13 84 
21 80 14 12 25 93 40 43 57 41 73 43 96 79 100 66 74 94 33 09 60 84 51 94 81 32 19 22 38 32 57 59 63 70 70 40 14 62 82 22 54 06 65 49 84 64 14 57 57 98 17 69 82 20 62 14 03 32 87 41 63 43 51 78 65 72 17 30 33 50 52 87 55 16 35 39 31 01 47 39 98 64 07 31 83 20 44 85 52 30 77 66 25 27 95 41 99 11 70 83 
60 21 69 15 88 56 05 18 56 51 57 53 14 15 36 48 87 79 85 90 61 61 55 37 40 50 77 38 12 98 20 72 19 41 38 06 96 94 76 03 44 32 07 10 46 42 09 32 73 93 21 33 06 28 21 45 29 49 34 40 46 05 63 16 45 52 74 92 97 49 94 41 80 53 02 77 94 10 61 66 55 33 50 12 60 70 08 40 18 41 32 16 45 46 31 42 50 04 85 46 
04 31 38 35 83 39 12 76 01 24 42 07 56 91 18 68 13 25 07 82 17 90 97 61 36 80 54 85 35 39 82 39 21 20 73 03 10 36 30 10 59 71 16 67 14 85 34 78 09 92 59 25 82 08 38 69 87 43 05 21 33 86 11 53 05 36 55 15 71 37 76 82 07 92 48 72 28 33 49 89 24 60 65 05 67 02 25 53 97 29 25 29 15 88 82 71 23 88 37 45 
24 13 78 83 56 77 06 83 09 07 71 85 66 36 41 84 89 66 88 85 94 64 66 08 51 47 79 25 86 15 70 62 79 47 96 34 24 01 17 84 59 39 68 76 26 09 59 15 74 98 99 19 62 16 27 64 62 57 89 100 23 58 13 54 56 08 87 31 60 55 67 19 46 34 46 71 94 57 85 19 54 36 38 67 51 16 31 65 24 71 16 98 80 28 51 35 35 90 18 46 
44 84 64 41 69 62 12 63 18 96 33 23 83 70 90 34 37 72 50 60 42 65 10 21 92 60 07 78 01 24 23 97 59 39 37 28 100 48 42 17 96 74 39 78 96 80 63 84 51 64 96 44 28 05 64 71 16 23 48 17 98 71 13 57 09 01 36 08 49 29 76 96 02 14 25 49 46 40 33 96 03 28 40 31 84 55 01 99 77 01 67 27 71 79 83 31 32 70 90 32 
98 65 27 51 30 51 100 75 42 84 71 45 63 62 27 46 68 79 96 45 79 63 71 01 93 05 31 24 74 20 55 71 36 33 73 66 36 72 40 77 07 62 21 21 75 47 66 43 78 62 87 56 76 09 57 68 65 39 92 90 59 98 60 46 31 32 11 66 56 03 42 14 64 15 35 39 13 52 33 90 65 71 46 40 79 54 08 95 92 51 84 02 48 95 48 78 78 10 95 85 
12 37 99 28 03 85 18 15 36 50 05 01 20 02 40 50 07 99 44 98 49 79 52 97 73 51 26 50 60 21 35 24 09 85 51 11 69 68 25 56 69 81 56 88 34 48 89 40 98 32 90 47 10 41 95 34 43 20 35 02 92 69 77 100 05 27 10 73 46 87 29 66 67 36 53 01 35 41 92 33 24 81 79 85 73 25 70 15 96 05 69 88 25 45 87 30 24 49 54 21 
35 34 87 53 70 91 05 56 84 49 88 59 29 18 96 54 94 65 68 90 69 88 77 94 85 15 23 08 15 76 80 01 62 66 54 31 09 10 38 92 58 26 50 39 95 45 92 89 10 11 78 30 99 06 23 83 72 97 42 87 25 73 87 86 91 92 68 99 02 05 90 11 82 91 49 77 88 92 17 49 03 46 78 53 51 53 87 74 49 28 60 73 52 47 58 42 38 77 92 91 
82 33 02 63 24 02 91 63 94 59 11 48 04 88 100 06 40 86 80 41 65 39 65 16 37 75 10 27 51 01 17 32 34 70 47 09 24 89 71 69 48 81 16 03 20 15 09 12 100 40 52 16 78 16 31 67 90 92 93 93 93 09 76 78 31 74 86 54 63 56 22 62 88 37 16 07 03 76 70 54 15 73 69 45 89 51 11 30 43 03 74 35 63 50 64 93 23 49 98 37 
56 19 50 43 07 66 01 61 93 71 14 08 95 82 52 35 85 14 17 27 16 90 13 30 39 76 75 14 76 72 02 31 43 04 73 49 21 25 10 13 47 75 20 42 57 23 76 93 36 92 19 03 82 83 33 72 10 59 37 85 30 39 15 72 94 39 73 14 63 82 26 62 56 46 03 64 20 78 56 08 22 26 10 03 60 94 26 69 52 63 53 34 53 19 05 46 57 77 59 72 
10 36 33 18 33 87 81 53 64 89 60 85 66 21 39 26 67 17 46 18 31 99 03 35 69 08 80 26 36 90 49 46 25 33 63 10 19 95 62 82 35 73 19 01 45 09 78 11 25 23 81 07 73 83 41 42 90 72 19 26 61 67 23 38 99 37 47 69 31 60 50 18 84 20 70 28 81 47 39 57 69 19 64 94 01 04 35 43 76 05 20 88 23 42 77 73 78 75 41 60 
86 42 77 69 62 46 97 94 44 35 50 65 05 13 58 57 69 44 99 96 48 70 35 22 63 12 94 92 38 34 04 24 75 32 92 88 78 88 81 73 74 83 37 78 95 46 35 15 89 85 10 88 07 45 09 69 08 54 61 45 39 16 20 14 47 12 53 76 51 86 49 25 68 37 54 14 83 40 29 23 77 90 63 83 34 23 03 93 77 15 90 15 30 09 80 77 20 85 52 23 
70 52 47 89 89 52 02 23 92 82 45 20 72 59 02 05 82 56 50 10 71 39 76 100 47 08 28 19 44 80 41 65 83 87 53 71 90 06 93 81 88 90 52 59 48 05 15 81 61 64 42 31 54 70 82 01 29 10 19 72 41 59 88 23 97 92 46 86 97 38 19 84 79 70 94 79 75 09 11 35 24 53 17 78 74 50 30 54 11 48 77 03 58 64 26 54 55 23 91 51 
12 09 87 91 31 32 69 57 40 79 43 16 83 11 45 08 60 74 61 71 73 37 73 30 52 50 35 06 72 25 09 84 86 47 26 68 78 94 24 70 24 18 37 59 28 81 66 87 54 79 09 78 15 34 07 67 83 41 24 07 17 84 42 54 30 67 21 08 12 96 29 35 13 65 93 92 45 11 31 50 89 39 27 55 24 85 73 07 25 97 65 93 80 06 47 62 24 67 69 35 
15 49 21 27 13 66 71 57 76 01 58 16 91 84 70 15 68 95 21 44 43 37 36 74 94 34 35 17 53 55 03 67 03 23 45 15 88 15 23 15 15 80 30 06 15 52 20 34 46 92 77 40 80 65 13 73 50 100 41 02 54 43 68 09 65 13 23 53 79 98 19 94 77 49 51 44 52 22 77 49 13 06 88 44 70 100 16 19 51 56 73 05 98 40 13 14 04 87 66 83 
84 85 28 13 85 78 08 36 99 84 84 63 89 23 06 10 74 73 81 25 80 53 29 77 92 93 90 48 31 08 30 15 44 57 79 80 86 86 67 36 21 02 98 10 24 55 19 97 27 51 73 06 03 53 34 47 45 75 94 76 34 75 42 77 83 72 56 68 57 74 03 29 75 52 38 98 58 09 47 36 59 19 41 14 24 26 60 68 100 53 95 86 27 88 62 09 59 70 28 67 
43 82 96 70 33 85 67 90 93 65 25 04 36 17 17 59 94 76 78 45 80 25 30 06 12 44 66 23 13 45 89 07 26 36 76 10 21 95 51 65 59 27 20 46 95 36 04 88 63 82 84 94 58 14 51 69 57 16 43 21 60 32 79 37 19 55 46 39 01 48 04 11 74 23 57 68 11 60 07 25 93 91 19 50 04 69 71 12 37 13 32 48 96 10 85 15 16 82 53 68 
30 08 79 55 83 35 23 45 46 81 69 39 71 87 40 26 08 10 37 44 75 20 91 70 82 27 84 49 61 89 17 90 96 95 44 30 81 18 74 26 99 95 64 21 33 56 99 40 17 87 35 91 07 78 61 40 04 96 40 64 84 56 05 32 02 01 61 82 18 87 08 68 81 23 41 13 30 39 53 47 77 39 37 35 16 97 74 20 93 14 35 28 21 40 59 23 92 20 56 61 
06 63 81 86 38 21 50 67 11 54 13 87 93 02 22 08 98 47 79 42 12 14 70 33 05 80 55 96 99 10 08 56 25 88 93 14 60 43 80 70 96 45 09 40 98 82 48 47 28 26 89 40 91 10 24 47 89 78 94 40 39 02 47 15 89 40 28 49 34 60 70 81 56 30 21 53 11 68 99 91 45 39 82 88 48 05 34 89 34 28 80 72 81 78 39 69 69 66 69 02 
77 91 35 32 20 55 84 31 74 35 73 70 73 54 57 73 58 91 13 43 70 44 14 50 21 04 70 90 70 91 43 98 81 77 30 100 83 65 82 56 99 54 26 24 59 82 96 68 24 60 10 93 03 76 94 23 79 16 64 100 06 07 98 86 83 79 37 66 43 71 73 94 76 98 17 35 32 64 02 55 23 64 100 25 39 45 99 69 60 63 69 65 69 18 02 03 96 39 20 38 
61 93 83 36 42 99 70 25 14 24 32 36 39 83 60 77 27 59 45 87 73 65 03 41 82 05 95 77 95 15 67 07 59 49 42 52 100 64 29 13 39 60 01 77 94 12 53 20 70 49 58 94 66 61 34 47 17 81 76 63 95 94 69 05 94 62 08 45 25 36 10 63 47 10 39 40 21 43 12 43 44 69 36 09 81 22 07 49 02 34 11 48 79 31 04 73 45 11 69 69 
99 78 84 97 39 74 89 60 17 100 54 12 68 89 20 01 10 78 49 63 64 12 10 42 94 13 66 38 76 35 59 74 64 42 22 03 15 10 14 83 09 67 94 29 55 65 81 17 95 29 79 58 92 89 99 38 53 65 75 28 51 33 53 14 26 75 68 93 36 81 75 97 47 21 25 54 37 57 70 31 37 100 40 29 40 91 66 93 07 92 72 57 25 25 22 02 51 90 94 86 
22 69 82 21 41 58 74 29 14 95 12 51 46 51 31 86 41 48 30 47 39 01 55 15 25 29 17 27 70 10 65 91 30 98 11 70 08 36 51 21 82 62 23 28 64 53 13 57 52 42 55 91 94 10 05 71 38 21 97 59 31 13 49 12 11 12 34 18 99 84 90 81 97 13 08 60 17 72 16 69 65 71 11 58 32 15 28 21 88 77 79 18 89 79 81 99 90 14 68 41 
97 58 21 45 22 80 05 38 51 20 58 67 42 68 24 73 35 04 45 22 80 23 91 68 02 71 19 43 37 86 83 85 95 55 30 16 34 34 06 36 05 15 02 99 83 78 23 69 81 68 90 60 90 32 79 43 02 49 38 38 87 72 23 81 27 52 97 60 37 02 48 93 16 49 91 50 26 14 70 06 81 59 17 22 90 48 17 44 96 54 33 82 25 55 15 03 58 11 15 46 
64 62 39 31 10 29 33 88 42 02 45 74 13 62 96 54 61 12 97 08 17 30 42 93 36 56 96 46 66 10 91 81 23 29 11 32 10 43 71 03 97 16 77 09 29 24 62 89 35 11 96 03 40 37 95 27 92 90 72 09 51 15 89 73 43 52 57 04 46 27 07 42 42 83 02 70 06 64 58 92 26 06 94 17 94 88 43 86 30 67 46 32 81 87 05 75 38 61 79 35 
39 37 77 81 19 30 02 76 45 60 19 70 17 12 86 10 51 81 47 32 47 93 64 27 31 20 53 20 32 83 54 70 19 82 02 37 12 04 64 56 15 82 78 31 45 63 40 48 43 39 31 89 83 94 67 13 65 72 32 96 54 85 18 73 19 19 61 30 22 25 37 36 58 14 18 03 29 10 02 71 48 32 12 30 78 30 42 42 01 25 90 07 61 07 79 79 25 39 60 99 
15 49 86 73 14 56 27 42 65 80 65 12 11 76 93 40 57 86 82 10 10 23 16 70 29 46 01 05 84 12 55 51 60 93 75 74 48 53 67 12 32 31 75 94 58 67 34 15 52 67 24 13 89 91 34 69 36 86 73 71 98 80 21 09 72 47 82 19 99 01 30 30 31 04 76 89 22 09 03 25 27 78 37 15 20 22 35 55 08 59 77 05 38 98 13 09 96 47 79 95 
47 60 76 29 15 51 17 36 11 71 12 37 100 100 03 19 22 37 25 29 48 02 85 85 51 49 46 46 47 76 92 45 36 68 74 50 18 90 38 81 13 49 69 64 49 72 83 22 60 59 02 59 12 38 44 62 86 41 60 85 68 51 29 03 70 02 05 40 44 42 20 08 42 88 71 90 11 05 63 23 64 64 81 75 01 76 89 39 16 100 23 84 50 03 38 72 57 42 11 100 
35 30 59 77 69 81 66 80 86 81 02 01 44 34 75 97 10 15 35 77 14 57 60 64 59 50 87 15 91 97 66 78 26 76 54 46 57 71 25 42 51 78 42 95 12 68 91 21 83 77 97 96 85 09 11 43 10 97 10 100 45 27 29 70 55 82 68 11 53 92 04 03 22 97 49 33 16 91 05 98 67 53 46 51 61 08 46 70 57 07 22 01 85 50 23 39 84 90 01 36 
33 56 38 54 52 39 38 68 29 94 17 96 47 62 98 59 22 43 81 78 01 54 30 86 55 52 24 38 93 77 73 26 32 63 31 84 01 21 03 81 14 19 28 60 33 26 71 54 20 51 83 21 04 64 06 58 16 81 96 60 09 20 37 41 82 20 76 34 40 30 67 53 48 94 65 32 71 35 37 91 85 19 63 40 83 20 97 50 52 44 61 61 64 98 53 97 17 28 31 08 
57 97 12 56 42 76 88 13 62 76 55 98 47 69 37 29 88 86 30 39 29 42 51 44 39 55 41 07 34 71 14 42 19 26 98 60 53 37 24 15 12 30 64 58 98 53 38 85 38 19 76 18 61 78 62 51 33 02 10 66 24 23 08 42 100 57 53 05 93 29 71 56 58 34 66 56 86 55 92 75 74 19 93 86 97 06 88 81 59 97 46 82 72 05 75 23 61 79 27 05 
07 97 13 65 31 78 72 68 32 63 95 57 82 87 94 30 44 82 10 02 30 07 83 01 12 09 76 24 87 02 29 94 99 93 10 81 70 81 100 53 95 94 62 28 80 07 09 75 40 70 76 70 77 10 22 40 18 97 63 05 99 43 98 49 35 59 29 56 91 28 09 85 22 22 65 53 28 73 28 68 43 55 89 71 65 62 10 82 59 24 86 09 67 35 09 53 93 37 09 83 
16 69 20 89 42 84 94 69 08 73 88 02 27 28 72 43 90 81 25 100 05 62 60 23 97 68 75 41 56 35 76 23 55 95 12 96 30 57 17 89 29 56 91 07 84 62 50 25 43 26 24 99 87 83 73 83 50 47 76 05 34 51 27 88 45 90 84 26 98 52 14 26 07 04 85 90 66 86 14 60 11 89 10 97 71 82 32 72 80 07 28 13 57 07 53 53 48 88 78 46 
39 43 23 45 99 07 87 16 92 100 75 54 89 36 51 11 17 82 83 48 40 62 61 96 68 65 100 16 52 77 61 90 71 83 34 69 42 20 84 85 72 58 39 12 45 89 22 61 22 56 61 13 18 21 08 85 85 07 52 88 35 64 77 05 47 62 74 40 34 57 24 05 67 62 16 63 02 89 24 75 45 36 87 14 56 94 50 92 52 02 79 38 65 07 95 63 68 68 02 01 
76 26 57 94 39 24 57 41 13 32 15 09 67 02 22 74 47 71 17 51 24 47 88 41 53 82 55 72 01 57 25 29 34 81 22 72 57 30 64 69 13 79 77 79 32 50 04 30 72 20 80 48 66 20 88 70 53 42 42 54 50 66 34 35 98 07 59 54 37 22 74 49 52 02 80 35 03 83 65 75 03 96 22 20 15 61 90 68 54 31 73 56 48 58 90 97 64 100 03 100 
74 28 01 25 30 80 12 32 14 28 58 16 23 31 88 38 91 77 57 97 59 81 52 58 38 93 06 01 93 08 53 66 36 05 42 17 36 53 48 49 80 58 17 55 88 04 44 79 80 100 75 90 32 78 47 21 70 04 73 14 64 25 79 51 81 21 67 16 25 66 65 57 23 81 11 11 84 54 41 15 05 67 56 36 44 02 08 13 57 80 27 20 57 57 70 37 29 36 53 54 
