20 20 20
02 15 11 05 01 18 03 20 16 18 19 19 13 13 04 18 14 17 15 02 
13 17 18 19 01 16 09 18 01 09 14 15 03 17 11 15 14 05 15 01 
03 13 11 07 17 06 05 03 02 19 04 15 07 01 05 19 08 13 16 20 
13 02 06 15 18 17 10 03 01 16 03 15 20 05 02 09 10 18 11 11 
08 06 17 14 18 14 04 17 18 12 16 11 13 14 05 10 10 06 04 02 
13 06 17 05 10 18 13 11 15 15 13 02 12 10 07 09 03 02 17 12 
13 04 02 05 17 19 06 18 04 09 20 09 06 08 13 07 17 17 17 11 
11 10 04 02 11 02 02 05 03 10 16 08 13 18 12 10 08 10 07 11 
10 18 11 16 05 03 14 13 19 11 03 01 12 18 14 14 11 07 10 14 
16 05 13 09 14 04 18 01 05 16 04 15 06 14 02 02 09 15 15 19 
17 09 20 08 19 05 13 09 12 02 14 07 19 06 15 12 02 04 05 06 
12 08 12 17 13 05 10 13 20 04 12 08 13 03 16 11 07 20 19 18 
02 05 05 20 10 19 03 11 15 07 09 06 06 20 14 11 05 03 03 16 
07 06 03 11 08 10 13 15 10 03 12 03 07 08 14 17 19 16 19 13 
15 19 10 12 11 15 02 07 17 17 02 15 02 16 05 10 06 09 04 07 
12 07 01 18 07 14 06 05 01 17 09 15 15 18 07 05 12 20 11 20 
16 04 15 18 20 11 19 17 20 14 15 03 20 15 20 18 08 18 02 20 
14 10 15 20 19 13 05 02 04 07 02 12 11 08 09 02 10 19 18 01 
12 12 03 03 06 15 01 05 12 02 04 17 04 10 16 02 14 12 04 18 
19 17 01 01 04 09 02 13 19 11 06 10 02 08 12 19 02 04 15 05 
