20 20 20
05 16 08 07 10 02 08 06 17 13 02 18 01 11 20 15 09 07 01 17 
18 14 15 07 07 16 09 05 15 10 10 12 06 17 18 15 11 06 12 07 
10 14 17 11 04 08 17 05 14 17 13 04 11 08 02 17 15 02 02 10 
12 03 01 17 19 10 03 01 15 14 20 17 19 16 07 15 15 03 11 09 
12 03 12 02 02 05 10 17 06 03 18 17 05 10 13 16 19 07 16 06 
13 07 02 03 02 20 09 17 14 19 17 05 14 20 18 15 04 08 03 09 
02 20 06 07 09 10 02 20 09 09 05 01 16 06 03 09 17 12 17 10 
02 13 15 15 12 04 02 07 03 04 16 05 16 13 11 16 14 04 15 02 
04 11 14 19 16 09 20 04 12 08 14 13 01 20 20 04 03 01 11 06 
04 18 10 11 10 12 07 03 15 01 17 10 12 10 01 19 18 20 03 01 
07 08 14 19 07 05 15 01 05 17 06 20 14 07 11 15 18 17 09 04 
09 17 14 20 07 14 11 16 05 13 17 11 12 02 02 18 06 16 18 02 
12 16 01 17 02 03 03 12 11 11 07 20 08 12 19 06 17 01 13 13 
05 09 16 16 02 17 13 19 04 03 20 07 18 13 03 11 07 17 14 18 
07 13 17 06 04 07 03 13 08 16 05 12 16 20 20 18 16 04 08 19 
06 08 05 15 12 19 18 18 15 11 15 14 03 11 11 19 10 14 11 17 
09 15 20 16 15 11 05 02 15 13 01 12 12 17 07 03 08 16 20 14 
06 07 07 01 09 18 11 18 03 01 06 11 07 18 18 01 08 03 03 02 
15 15 14 06 03 12 08 10 07 19 04 04 17 02 16 06 11 06 03 13 
06 01 15 13 18 13 05 17 15 19 19 01 05 04 06 08 07 05 09 05 
