20 20 20
08 14 08 01 08 12 07 04 07 04 02 13 08 09 11 06 17 16 18 09 
16 18 07 05 16 13 07 19 12 14 11 11 07 11 03 06 14 09 09 20 
12 02 05 11 02 07 17 18 02 14 19 09 04 05 05 19 18 11 17 01 
17 08 11 03 18 14 01 03 14 01 02 06 03 18 08 16 05 04 14 18 
10 12 07 13 16 03 11 05 06 08 05 02 07 16 16 16 01 16 18 14 
17 19 11 11 17 19 06 13 14 19 10 03 02 08 15 10 11 06 14 16 
05 19 09 11 06 04 06 18 20 03 11 08 13 14 18 01 04 03 13 17 
02 15 12 15 02 06 04 04 03 18 11 07 08 19 09 05 03 14 02 14 
08 04 01 01 17 18 01 20 20 06 09 13 20 20 08 13 17 11 17 20 
20 07 18 19 06 07 03 20 12 16 05 20 12 05 20 08 14 12 20 13 
09 08 18 08 07 17 01 03 19 09 14 19 15 04 09 12 10 04 03 13 
19 07 12 10 03 03 10 16 07 09 09 15 08 18 03 06 14 15 20 12 
03 14 02 09 09 11 01 10 14 15 02 04 02 06 14 04 08 15 20 14 
15 20 09 02 17 03 19 02 17 18 13 11 03 15 19 11 05 11 20 10 
06 14 13 19 19 18 02 06 12 13 12 06 04 12 19 20 14 09 01 02 
07 06 12 09 20 10 12 16 13 03 05 18 16 09 16 14 07 09 20 18 
02 03 16 17 14 06 17 07 15 09 08 13 06 11 13 17 12 04 12 04 
19 08 01 14 17 08 08 15 17 19 04 10 01 19 06 06 17 14 12 03 
15 11 15 20 13 07 17 04 03 20 08 01 08 20 06 16 08 13 10 04 
03 13 05 15 04 10 20 12 04 03 14 10 05 20 09 17 18 17 13 12 
