20 20 20
14 18 08 12 18 19 04 10 08 13 11 18 17 08 17 16 17 18 15 14 
17 13 20 14 08 12 09 20 06 03 09 11 01 08 02 18 07 05 19 06 
09 09 15 18 16 11 05 04 08 19 18 04 12 09 09 11 20 17 02 17 
12 03 07 04 10 08 01 16 04 11 13 12 19 07 01 06 10 06 10 09 
04 19 13 07 07 13 17 18 10 19 14 13 01 20 16 10 19 08 18 02 
18 10 05 16 09 06 13 18 11 02 06 06 20 10 13 18 03 01 15 04 
11 20 16 11 19 11 13 09 18 02 10 07 03 15 14 11 12 06 08 14 
08 06 19 19 15 03 17 17 04 03 12 14 03 07 17 13 09 01 02 18 
14 03 04 16 09 17 07 20 03 06 13 02 11 04 12 06 06 08 14 01 
03 18 07 05 16 15 09 05 15 02 14 08 05 10 15 05 18 01 05 12 
07 09 05 09 12 17 06 18 16 12 10 18 09 16 14 04 10 03 20 16 
16 06 15 20 15 10 05 04 02 01 16 20 09 20 09 13 08 14 02 04 
05 11 13 05 07 07 09 08 01 20 04 16 05 10 08 11 19 12 07 01 
04 02 20 04 13 20 16 13 06 17 16 10 08 08 07 06 06 07 13 06 
06 08 14 03 10 01 05 08 04 11 20 07 04 12 10 17 03 06 01 08 
02 16 10 01 15 16 06 01 02 11 18 19 10 11 01 19 11 06 19 14 
16 10 20 20 13 02 08 16 07 08 03 20 15 12 13 01 07 10 01 20 
12 11 19 02 01 19 12 04 16 02 17 12 12 09 03 04 10 02 19 08 
01 02 19 07 05 11 07 12 13 20 11 04 10 09 17 10 20 09 13 15 
10 02 18 13 10 12 17 11 13 07 10 05 20 20 11 05 11 18 08 15 
