20 20 20
04 13 10 03 02 17 17 10 20 01 12 03 12 19 09 12 12 05 01 07 
11 10 03 02 12 07 02 20 04 08 07 07 12 16 01 14 04 17 03 16 
09 06 18 01 04 18 04 08 02 04 14 04 14 08 17 17 15 10 16 10 
10 14 08 01 01 09 14 04 17 08 19 06 14 09 06 09 06 09 16 20 
13 02 15 18 09 04 14 15 13 01 04 02 14 12 03 06 12 16 09 08 
16 20 05 01 08 10 09 05 11 17 16 15 10 11 04 18 14 09 05 06 
09 08 08 14 11 02 19 14 09 19 14 04 18 18 04 05 20 13 02 10 
01 17 16 10 07 19 07 12 07 11 10 07 11 09 20 13 10 10 07 18 
08 12 02 18 09 05 02 08 09 15 09 09 12 04 10 10 02 09 02 08 
11 03 06 01 11 17 06 20 06 04 09 06 15 10 03 15 07 16 03 07 
11 11 08 02 15 17 03 08 05 04 08 16 06 13 08 16 10 05 07 07 
20 16 12 14 17 06 09 15 02 03 02 04 05 01 17 11 17 19 19 14 
03 18 01 20 10 20 08 19 05 06 18 04 13 09 10 02 07 10 16 08 
04 09 03 08 09 19 19 18 17 09 11 11 06 11 03 15 10 10 06 06 
07 03 02 20 03 11 01 09 12 08 08 15 17 10 02 17 20 12 14 17 
20 04 19 17 06 01 12 08 02 09 13 09 03 14 08 17 16 08 18 07 
07 05 01 03 07 15 12 06 06 05 14 18 01 05 14 06 05 17 13 07 
05 18 07 19 03 14 16 11 13 13 09 19 09 10 14 07 16 05 05 01 
01 10 18 01 14 12 07 11 20 11 09 05 20 15 15 15 08 02 05 12 
06 13 02 15 14 07 13 09 11 17 02 12 07 11 04 20 14 02 02 14 
