20 20 20
13 17 08 02 06 04 06 08 11 20 06 18 16 05 19 06 06 08 16 13 
04 06 09 17 02 02 19 17 09 14 08 01 10 15 15 07 10 20 14 20 
11 11 09 06 15 19 11 12 18 19 17 01 16 05 09 17 07 19 05 07 
13 12 20 02 18 14 09 07 05 14 18 16 05 18 13 11 17 04 15 14 
14 11 07 09 15 07 17 13 06 01 20 18 04 11 11 01 16 19 19 20 
13 16 07 09 13 20 19 01 15 13 15 20 15 13 08 10 19 04 14 04 
16 05 13 19 15 16 11 10 14 09 02 18 16 08 18 20 19 17 01 13 
01 07 12 16 19 11 17 17 06 10 13 13 15 17 11 01 12 13 11 18 
01 04 07 16 03 05 08 02 13 08 06 05 14 10 12 12 20 20 20 18 
10 04 10 16 13 13 08 16 05 10 13 18 13 12 13 16 16 12 17 08 
19 14 04 12 03 16 15 15 15 07 12 16 02 01 03 14 05 11 10 10 
20 14 07 05 05 11 20 12 03 08 11 01 01 15 05 04 02 11 18 16 
17 01 04 19 13 06 04 18 08 05 19 08 19 05 12 15 07 03 19 09 
10 09 02 02 15 06 17 16 08 06 12 05 06 15 15 11 12 18 08 20 
03 06 19 13 02 02 19 08 04 17 17 05 18 10 06 12 07 03 08 14 
08 11 18 06 17 04 16 08 02 15 07 16 20 05 20 13 06 10 20 01 
07 08 05 16 17 03 07 15 17 14 09 16 04 06 01 12 02 08 20 03 
02 18 10 13 03 01 05 20 10 17 13 08 16 17 03 05 11 10 19 07 
15 07 03 11 05 15 02 06 03 01 20 16 11 09 09 05 09 05 04 10 
01 16 18 09 05 20 13 07 09 11 14 16 18 08 06 14 14 07 19 16 
