20 20 20
06 01 17 03 16 20 04 18 01 06 18 15 12 02 19 02 20 16 05 01 
20 09 05 07 16 09 14 09 01 17 15 18 18 04 12 13 03 08 10 15 
13 07 09 17 20 07 10 11 15 14 03 14 14 08 12 01 08 06 01 20 
02 08 18 11 11 01 15 13 08 05 08 13 03 08 09 15 15 18 05 09 
04 08 14 09 07 06 10 14 11 02 05 04 09 02 15 19 15 01 04 02 
05 03 14 20 10 14 14 04 04 10 04 19 09 18 07 15 15 08 20 17 
02 05 20 10 18 06 01 12 19 16 06 03 18 19 14 07 05 19 03 08 
01 06 06 09 15 04 04 09 04 03 17 05 07 09 06 05 06 06 08 04 
01 13 19 18 04 04 17 08 03 19 07 03 04 04 11 11 07 06 11 02 
01 08 06 19 16 04 15 13 09 03 17 02 15 15 11 18 18 07 17 12 
05 03 06 01 18 09 11 17 14 13 18 14 20 16 13 07 19 07 20 19 
01 08 20 16 14 03 05 03 09 14 15 06 16 20 06 06 08 08 02 14 
20 19 19 12 06 11 10 04 10 01 03 10 20 14 17 13 16 02 16 17 
07 02 02 14 13 19 19 13 06 20 06 17 11 04 20 16 07 10 12 08 
02 06 09 02 19 06 14 07 19 01 03 05 02 04 18 07 14 17 19 19 
08 16 07 18 11 07 06 17 08 09 16 01 14 05 02 04 10 08 02 08 
08 04 04 02 19 01 08 04 09 18 02 17 13 01 06 03 19 03 12 18 
03 07 18 08 11 12 12 20 19 05 19 18 01 14 19 11 07 18 15 15 
15 16 03 19 08 01 02 06 15 13 15 18 11 13 05 02 16 08 13 14 
13 04 11 13 17 02 03 03 11 09 10 18 17 04 16 04 04 17 02 11 
