20 20 20
18 20 03 11 05 16 18 14 02 17 08 15 03 11 13 20 14 10 01 17 
12 04 14 16 02 16 14 05 13 20 11 10 11 05 12 08 20 09 01 13 
18 20 07 12 02 12 04 15 01 04 12 04 07 17 19 20 12 12 04 16 
03 07 17 06 11 08 13 03 09 05 15 06 16 14 09 18 05 12 04 17 
15 07 20 01 03 18 12 07 01 16 14 04 14 03 01 04 10 05 18 10 
09 13 07 16 06 16 13 10 07 09 06 14 15 17 06 10 14 18 08 14 
05 01 09 18 03 01 13 05 05 11 14 05 15 13 01 20 20 05 01 06 
05 18 11 12 14 17 01 19 14 08 04 10 20 05 19 03 05 03 19 02 
13 04 06 07 16 18 18 15 15 10 13 19 19 15 10 04 11 02 02 16 
01 06 05 01 10 15 15 06 18 13 07 10 08 05 09 16 14 18 02 20 
08 14 11 18 09 20 02 11 14 03 07 14 20 03 06 01 18 20 07 15 
04 05 16 04 09 04 19 15 14 20 14 01 14 04 18 14 16 11 16 09 
14 02 14 13 05 20 06 14 11 12 08 07 16 03 10 17 19 08 11 12 
07 16 04 12 20 13 17 07 04 13 07 09 06 20 13 02 11 18 15 14 
09 14 20 17 17 01 05 07 08 07 18 06 02 13 18 13 05 06 19 08 
18 05 16 16 17 01 17 07 18 04 12 07 17 11 15 05 11 19 11 10 
17 20 16 18 12 13 03 17 18 13 16 08 10 04 03 06 04 11 04 01 
14 16 19 11 18 05 15 01 15 18 10 11 17 05 01 09 09 15 17 19 
07 04 06 08 07 20 13 02 10 09 15 04 16 13 06 05 10 12 05 04 
09 15 07 06 11 19 06 20 13 02 18 19 05 15 19 04 06 11 05 15 
