20 20 20
02 08 01 05 14 15 12 12 08 20 08 08 01 02 01 15 18 11 08 11 
18 11 16 16 06 20 01 09 14 14 17 16 14 09 20 07 15 04 10 14 
03 17 02 03 10 14 10 07 16 09 09 13 19 05 08 04 16 08 12 10 
14 20 05 19 20 16 05 14 11 06 08 06 03 01 20 04 06 09 11 01 
17 11 14 08 07 13 11 03 13 15 12 18 14 08 16 14 03 12 19 06 
17 06 11 11 18 10 15 03 11 17 04 07 07 09 06 14 01 17 08 05 
03 19 02 16 18 17 01 20 20 12 05 17 17 07 07 07 17 01 09 07 
17 12 05 16 12 11 01 13 19 08 17 01 18 11 08 15 19 01 06 19 
12 03 15 08 09 01 06 05 14 15 03 02 18 08 17 10 18 17 14 16 
04 02 08 01 12 15 15 11 15 01 09 06 03 15 06 03 07 11 08 20 
05 02 02 15 09 10 04 18 07 09 05 02 10 12 15 14 07 01 16 13 
01 16 19 15 10 04 18 08 06 17 08 03 18 01 17 19 10 12 16 08 
12 01 10 01 04 04 06 10 04 13 03 17 08 13 03 09 08 12 17 13 
20 16 07 10 08 03 08 17 06 15 17 17 07 06 10 11 01 07 12 16 
20 06 04 19 10 19 08 17 10 16 02 10 11 08 11 18 03 18 06 08 
04 02 17 11 19 06 01 11 12 04 19 03 10 02 02 19 20 09 08 02 
16 09 03 06 16 13 15 10 02 12 18 05 06 14 15 16 11 07 07 14 
11 17 17 12 18 18 02 10 18 09 11 13 09 05 10 05 17 04 06 10 
07 03 14 12 08 09 08 18 07 06 12 17 02 08 20 11 17 02 12 14 
02 02 06 11 18 15 07 14 10 12 03 08 15 09 20 14 09 19 12 15 
