20 20 20
08 03 03 10 18 04 16 04 16 07 05 07 15 12 12 17 14 07 10 04 
10 20 13 16 05 13 12 13 18 15 08 17 17 11 19 14 06 14 18 01 
12 14 19 06 06 10 15 19 17 16 14 18 07 19 06 11 03 17 15 20 
12 15 08 08 05 06 14 02 11 03 15 03 16 13 20 01 15 14 12 03 
01 17 12 08 07 17 10 09 14 17 20 17 11 08 16 07 05 09 20 16 
11 14 10 07 19 09 19 13 15 02 07 15 19 18 14 05 15 16 06 20 
12 05 16 14 04 03 20 09 12 19 16 02 05 05 20 03 05 19 07 19 
12 13 14 10 10 19 07 16 14 04 07 17 08 14 10 12 17 01 12 08 
12 19 09 16 03 09 10 07 19 16 18 10 08 11 12 09 01 10 05 07 
13 11 03 12 05 05 15 13 17 06 20 08 04 20 15 18 20 04 17 18 
11 14 20 18 16 03 19 16 12 03 14 16 05 09 07 01 13 02 13 01 
19 04 01 15 04 15 04 03 11 20 13 01 05 12 11 20 06 09 08 17 
03 01 12 19 09 10 12 13 03 16 14 14 20 14 08 03 20 03 17 10 
03 01 03 19 12 13 19 17 13 18 05 15 18 08 05 19 18 16 11 12 
12 16 05 11 09 04 05 09 07 13 10 01 14 04 19 17 08 09 06 20 
06 10 06 16 10 11 14 19 18 16 10 09 12 15 11 20 18 07 20 16 
20 02 16 05 05 15 01 13 15 06 04 01 08 10 16 17 12 01 07 09 
16 16 18 07 02 20 07 20 19 18 07 18 19 03 14 04 09 14 16 03 
12 11 15 11 20 10 07 11 10 05 20 06 20 09 04 02 20 10 13 18 
08 19 07 06 01 20 01 01 06 08 04 17 19 18 07 10 20 05 01 01 
