30 30 300
74 200 286 104 214 142 94 203 184 190 198 224 210 77 180 282 258 128 292 60 90 105 24 151 101 284 185 186 216 55 
216 289 06 201 92 219 94 185 173 278 126 70 253 35 198 132 68 155 259 59 267 49 215 42 251 15 25 135 253 240 
189 168 280 194 68 71 164 161 07 88 190 184 210 142 270 107 26 89 14 36 147 280 84 114 21 34 180 45 220 132 
36 108 299 15 53 118 137 268 31 195 56 220 130 265 114 99 123 139 187 136 174 85 115 10 250 135 95 130 231 15 
261 18 174 12 84 227 129 220 246 211 166 53 131 295 17 296 93 192 134 31 27 59 168 194 120 117 80 215 246 63 
281 259 80 154 270 164 132 150 135 78 61 01 130 243 47 199 238 192 90 123 222 168 181 89 113 53 206 193 267 203 
255 247 161 86 152 130 01 284 280 136 113 92 188 242 34 286 192 271 177 33 145 151 201 25 291 13 129 248 257 95 
151 263 93 11 101 245 193 101 280 224 236 92 15 175 33 48 161 277 70 89 09 214 239 261 290 230 26 119 229 282 
213 79 297 58 142 97 54 86 197 33 09 185 124 23 111 208 122 23 184 191 112 245 156 102 205 145 83 230 263 12 
264 228 142 12 37 283 108 90 68 56 122 128 292 245 202 103 204 23 177 140 265 40 84 120 142 288 17 276 270 279 
287 285 258 129 296 294 163 155 83 231 262 256 58 254 252 260 108 156 34 36 295 299 76 130 170 269 169 186 244 190 
217 231 174 174 111 221 220 273 127 54 255 89 10 13 94 13 24 253 220 57 288 266 107 115 95 29 83 264 214 27 
205 182 09 79 56 119 51 27 143 230 132 98 70 193 162 163 206 185 167 125 293 206 91 152 21 185 180 155 200 145 
233 105 27 241 235 134 111 37 160 06 266 291 103 35 184 264 249 141 200 167 265 192 73 55 95 145 292 26 51 243 
171 284 47 197 276 33 30 87 122 241 92 87 283 246 174 218 209 122 58 160 289 23 103 113 129 198 09 172 223 59 
115 93 42 213 41 18 246 122 156 119 114 299 205 97 244 130 14 204 04 124 63 44 146 165 156 26 114 164 198 89 
222 12 233 16 276 274 33 273 147 240 91 261 238 48 57 233 177 122 188 180 245 02 223 142 218 130 220 32 293 117 
120 267 180 52 282 155 77 66 128 224 05 270 236 294 17 292 226 194 165 113 125 110 114 48 03 31 177 222 114 222 
90 285 188 21 89 221 176 165 286 55 140 290 24 75 283 41 118 260 286 283 124 110 144 289 209 198 71 86 120 185 
59 261 169 298 282 257 218 209 174 203 263 65 244 38 140 278 130 09 237 167 291 112 277 186 100 185 84 170 22 255 
106 132 215 27 129 196 283 46 104 208 300 118 273 295 156 164 272 37 172 260 204 215 123 232 100 222 168 183 144 242 
137 249 73 52 275 254 299 10 51 103 269 51 272 241 97 179 104 121 216 28 132 171 242 255 102 41 228 269 276 71 
210 164 72 35 215 98 288 266 107 38 68 76 140 91 68 289 270 224 109 185 251 240 107 192 194 208 284 122 228 259 
244 190 123 15 224 89 113 263 54 271 52 173 98 244 264 166 232 233 89 40 169 91 279 275 282 225 234 17 46 161 
276 289 50 98 04 25 238 168 287 292 138 91 164 236 34 179 153 265 163 293 04 83 83 282 57 116 206 42 132 03 
203 159 44 04 256 99 29 194 266 67 237 155 157 152 142 190 31 294 154 245 38 209 28 120 243 136 287 200 178 171 
203 132 29 246 135 37 44 215 282 61 34 218 215 242 121 57 184 203 102 89 148 140 298 227 11 240 62 50 139 291 
220 93 122 300 90 09 36 185 275 69 245 08 38 212 02 159 268 185 61 121 273 260 260 270 186 271 261 300 20 152 
290 291 244 164 290 86 224 78 270 198 146 267 258 184 178 259 42 197 143 154 17 115 166 277 137 103 299 97 102 70 
248 144 60 244 59 49 29 282 126 50 231 272 16 188 207 245 198 300 141 40 153 158 207 70 186 43 173 184 139 26 
