40 100 27
05 15 27 08 15 04 19 20 23 15 17 25 21 03 01 01 04 21 17 16 15 23 08 11 23 12 22 05 01 20 20 05 23 09 01 10 01 20 18 23 07 24 20 16 26 09 17 02 19 22 07 06 17 14 16 02 15 11 06 15 19 14 08 14 11 08 12 11 16 18 06 11 14 14 27 13 23 05 03 14 26 09 08 04 12 24 21 26 23 26 02 14 02 09 16 12 05 27 12 21 
17 17 20 20 04 19 05 15 23 23 17 10 05 24 14 16 09 07 03 04 22 04 06 12 01 21 23 05 09 07 25 26 13 07 07 05 25 11 19 10 06 24 19 26 20 21 03 18 01 05 21 11 24 16 22 24 09 06 02 18 02 15 05 14 21 11 18 08 10 25 17 04 10 24 19 02 18 21 08 07 15 18 17 27 06 27 24 14 05 14 20 22 17 13 08 11 23 14 07 21 
27 23 25 09 19 05 27 25 25 07 04 01 13 09 01 18 24 13 21 18 26 13 12 15 26 20 14 10 22 20 04 11 04 17 19 12 21 07 25 07 03 18 24 15 26 13 06 12 25 26 02 12 27 13 15 25 21 18 24 05 26 27 15 19 05 22 03 14 02 16 09 04 06 21 18 21 06 12 05 19 10 06 19 26 07 23 23 17 13 19 21 27 07 24 18 27 18 09 02 19 
25 11 11 03 04 18 23 26 02 16 06 01 10 25 15 17 20 10 22 21 18 15 20 13 11 11 13 17 19 14 09 05 13 08 08 06 14 19 04 05 08 09 21 17 22 08 22 14 17 16 07 23 19 27 09 18 26 10 08 06 23 05 11 25 12 07 03 26 25 22 03 21 19 12 27 03 19 21 16 24 26 12 20 17 27 17 08 25 26 04 19 10 08 02 07 08 24 25 06 22 
08 24 04 16 08 03 18 15 13 06 12 11 06 04 16 05 20 12 18 18 15 26 16 22 27 23 03 24 09 24 07 17 10 26 05 06 02 22 21 03 16 21 02 11 24 17 15 05 18 22 11 21 20 26 05 08 10 23 20 08 19 15 13 17 14 17 12 04 27 21 06 04 14 23 14 26 01 18 03 18 01 02 12 09 16 16 16 26 11 25 22 18 12 07 24 14 12 08 17 27 
17 11 19 03 06 06 17 23 12 08 13 12 09 13 09 24 17 24 11 16 10 05 23 22 27 19 24 11 15 03 26 20 13 18 22 08 23 27 19 23 07 04 23 15 06 04 27 11 16 27 27 26 20 22 09 20 02 21 19 05 23 18 24 25 08 07 21 19 06 12 14 01 15 25 15 09 01 03 20 05 02 08 19 22 18 16 03 08 10 21 12 05 11 24 02 07 19 22 25 24 
06 27 24 10 13 27 07 02 02 26 07 20 22 14 14 12 03 16 19 12 25 19 05 25 15 07 04 06 17 18 18 23 06 03 21 19 18 27 20 09 15 15 01 09 02 03 21 20 07 01 04 04 20 08 01 23 03 21 18 20 11 24 04 16 27 13 23 06 12 05 14 15 19 03 24 09 21 06 01 27 22 20 04 14 17 20 10 19 13 16 27 12 12 19 17 27 04 12 06 05 
16 08 19 24 27 04 21 20 25 22 20 20 03 12 22 19 20 20 27 22 08 26 06 20 18 22 08 10 07 02 14 11 10 22 07 25 25 17 17 12 11 25 04 02 25 14 21 07 07 20 01 14 07 22 22 13 17 19 23 12 20 09 11 18 03 07 15 17 23 21 17 06 07 09 23 21 22 16 27 01 24 16 04 04 10 14 05 26 05 27 26 25 25 10 15 16 16 19 21 11 
12 10 05 18 18 27 11 13 05 26 02 17 14 05 09 24 08 14 11 12 13 10 25 26 08 13 15 23 04 08 22 04 07 15 21 24 03 21 25 07 19 27 13 06 20 21 02 27 07 12 01 09 10 25 07 17 26 10 01 02 18 11 21 24 25 15 09 17 08 07 12 15 22 24 20 14 18 10 03 24 22 03 21 20 16 01 10 15 10 26 05 16 10 26 01 23 13 10 12 09 
16 24 23 10 20 05 12 10 14 14 23 24 05 16 06 21 16 15 08 15 02 12 03 11 10 04 07 11 02 18 08 17 03 20 15 23 13 15 05 26 02 16 12 06 05 17 26 09 20 22 23 10 23 15 21 05 07 16 05 08 22 01 13 25 09 16 20 21 03 13 09 04 02 20 26 22 25 13 03 06 08 15 15 03 18 24 23 24 12 16 20 07 06 05 04 14 20 23 08 11 
24 16 15 25 24 02 08 21 14 27 15 10 14 02 01 20 26 13 05 26 17 24 05 22 01 08 09 09 19 05 19 16 20 22 02 16 12 26 25 15 25 12 24 11 02 14 19 16 15 23 15 04 19 19 15 08 16 12 05 23 16 12 27 08 07 18 12 18 16 25 21 13 25 07 12 26 20 03 04 23 25 18 15 05 25 02 12 02 13 16 25 17 16 24 24 22 14 24 02 02 
21 11 03 07 17 14 22 25 16 25 20 02 15 08 06 01 25 06 03 11 10 27 27 26 12 13 09 26 25 26 16 08 10 19 14 26 05 08 24 10 21 16 11 24 12 06 25 10 11 27 09 21 15 08 08 26 09 16 13 23 15 02 03 24 09 05 11 02 02 07 11 22 12 11 19 23 16 16 05 15 04 13 24 18 10 04 05 07 09 18 02 12 08 20 24 05 25 07 06 26 
14 06 09 25 16 27 09 20 04 14 23 07 26 20 13 24 12 18 04 09 24 21 20 20 14 16 13 27 23 18 14 25 23 22 22 11 11 03 19 14 05 15 21 20 23 22 16 07 01 19 16 24 02 24 05 15 13 17 03 08 24 16 21 19 26 04 19 09 06 26 23 27 13 16 19 08 10 07 04 11 15 19 23 16 15 17 19 16 22 21 12 18 25 05 26 23 08 06 05 03 
04 27 02 17 04 20 24 13 15 27 12 18 07 24 22 11 02 13 26 23 22 27 03 19 04 01 15 12 06 19 14 09 18 04 14 21 12 11 22 15 26 23 06 22 19 27 05 20 02 19 04 23 18 06 04 22 06 18 22 27 09 24 25 15 27 11 24 27 10 07 14 09 02 08 19 09 24 23 17 25 03 10 09 10 15 12 20 10 18 14 25 15 26 22 02 14 06 14 13 15 
10 15 12 27 23 03 09 19 14 14 16 17 12 13 15 27 14 07 25 04 09 22 19 07 17 09 20 11 12 21 25 21 08 10 20 03 01 17 21 15 04 25 20 15 11 07 03 24 02 16 16 10 11 07 16 16 05 24 26 16 06 12 09 13 21 01 05 11 18 25 14 10 12 06 13 22 01 05 07 02 20 11 27 19 18 04 07 22 16 21 26 21 06 07 06 15 23 10 25 13 
24 11 11 08 05 13 18 21 17 13 22 25 23 10 17 02 13 12 12 01 06 10 21 27 16 16 14 12 14 01 13 26 27 24 22 05 25 12 14 14 13 09 11 25 07 16 26 20 01 11 09 22 20 03 21 25 07 23 25 09 23 10 08 23 22 02 16 19 03 02 21 04 26 05 01 06 20 16 14 09 26 22 03 07 13 23 04 08 19 17 17 14 27 24 25 10 14 02 02 05 
20 22 09 07 15 09 01 24 24 14 05 11 25 08 18 26 03 10 07 10 27 23 13 15 08 26 24 21 01 14 26 09 25 23 15 01 04 16 24 17 18 02 16 15 09 22 14 27 21 20 10 09 04 11 23 11 09 08 20 25 11 07 06 24 02 21 24 22 09 21 27 26 11 15 03 08 10 16 07 03 24 05 11 16 04 22 15 13 02 23 10 01 03 16 24 20 25 21 14 22 
03 02 20 13 17 11 20 15 15 15 17 27 09 16 15 12 10 02 13 27 25 23 01 16 27 24 24 24 06 27 18 08 01 26 20 17 26 01 04 13 05 09 13 13 24 27 13 06 18 26 22 04 21 22 08 09 07 04 21 13 03 11 09 04 25 18 09 23 18 13 25 22 10 10 23 07 25 09 01 04 07 22 07 27 05 14 24 12 18 17 13 20 16 21 12 13 11 21 25 18 
22 11 01 04 20 24 26 06 05 27 10 11 10 16 26 04 19 11 15 25 27 16 17 15 25 18 16 25 11 02 15 05 12 15 08 20 27 07 26 04 22 24 03 04 01 17 07 19 27 10 05 26 14 11 02 12 01 18 09 11 19 12 15 20 15 11 12 15 06 26 07 27 11 10 20 12 15 15 19 15 14 24 02 27 07 04 27 07 21 24 06 01 24 09 20 12 19 21 26 25 
19 21 13 19 19 05 03 07 20 10 10 06 06 11 21 01 03 10 23 23 06 01 13 03 09 21 03 17 14 17 03 22 10 15 13 02 20 04 08 01 13 06 22 08 16 04 08 19 13 20 03 08 09 04 10 07 25 01 23 11 17 25 05 26 12 06 16 20 09 12 09 22 17 03 18 22 07 14 13 19 06 04 15 15 08 24 21 21 13 05 04 02 18 25 17 02 03 05 11 01 
17 19 22 22 22 01 16 17 14 17 24 20 21 12 23 17 24 05 10 10 09 02 27 26 15 16 16 07 10 26 07 26 07 17 09 17 17 25 06 03 14 18 11 23 18 06 01 15 10 26 13 07 17 12 05 04 17 10 10 26 24 05 24 03 21 21 19 26 18 13 18 21 20 01 05 10 07 06 13 05 20 25 12 09 26 05 13 15 14 11 13 27 16 25 02 25 18 10 13 25 
11 03 07 03 03 11 02 25 16 14 19 25 01 03 06 15 23 18 02 26 18 03 25 22 27 26 19 06 24 20 19 08 22 25 26 14 09 27 27 13 03 18 10 19 20 16 06 05 22 23 03 01 25 16 22 13 14 03 07 27 22 26 07 06 12 21 19 20 21 18 22 12 09 20 03 17 24 08 21 19 03 12 08 16 27 03 17 03 05 23 02 15 10 24 20 22 17 11 14 26 
02 24 10 26 17 12 15 13 08 25 20 26 25 01 03 14 19 19 16 23 15 06 10 24 18 19 07 23 02 10 22 19 06 20 06 11 21 21 24 01 07 05 16 20 21 18 06 12 10 10 23 13 04 22 25 21 13 05 17 03 14 27 22 19 19 27 03 12 09 15 02 04 08 17 13 02 23 18 02 05 17 14 06 20 08 04 14 09 08 03 11 10 02 21 01 09 10 19 21 07 
22 11 11 03 16 23 20 11 02 10 05 18 23 10 11 19 02 13 27 25 04 27 07 05 20 24 02 02 15 22 09 26 21 08 17 09 19 25 20 09 07 13 27 03 22 26 10 13 11 10 10 14 25 06 07 17 02 08 08 05 19 05 03 12 01 08 10 19 05 18 16 12 03 15 03 13 02 12 25 01 10 24 14 07 02 09 13 03 06 20 07 24 13 26 24 13 06 22 20 11 
12 08 11 14 12 02 27 02 13 13 03 12 09 16 07 10 14 19 01 19 27 24 04 12 22 16 13 16 11 21 15 11 18 25 25 18 26 13 19 01 25 21 01 23 26 07 05 12 26 22 19 25 18 11 26 12 26 27 16 25 21 04 09 27 01 22 17 16 07 08 16 20 02 05 15 16 11 20 16 09 14 07 23 20 17 21 04 04 09 08 18 02 11 15 01 12 09 06 16 15 
14 20 23 04 24 11 19 07 03 07 16 05 02 27 13 07 09 16 26 17 23 16 08 23 03 08 07 11 14 22 14 16 14 10 19 10 09 26 05 27 21 09 04 22 08 16 17 16 20 15 22 04 04 02 15 22 09 21 22 11 04 08 15 06 06 22 04 14 20 09 13 13 06 05 23 14 09 01 18 17 16 12 10 08 13 24 02 11 07 23 10 26 20 25 21 14 19 24 17 12 
21 18 13 27 12 25 02 09 25 19 15 02 04 13 09 05 09 27 15 04 11 25 19 03 11 12 06 02 24 22 02 07 01 04 22 12 01 23 10 14 03 24 16 22 09 13 27 06 12 03 26 23 16 17 14 26 17 08 01 13 02 18 19 19 21 02 19 10 24 01 24 27 13 01 21 21 02 09 16 03 12 14 25 27 03 27 15 19 08 15 20 25 21 01 05 15 02 24 24 26 
13 20 14 26 09 23 19 11 05 23 13 05 09 26 20 27 14 07 18 10 10 27 08 04 27 12 18 01 24 03 15 10 12 17 08 20 13 15 19 06 11 20 26 19 07 18 08 21 14 25 03 12 24 26 04 12 27 21 13 23 13 16 21 24 06 01 16 18 05 24 12 04 16 10 22 23 16 02 05 18 16 23 03 01 11 06 13 10 16 14 21 01 02 15 24 07 04 01 13 24 
13 24 27 02 22 11 13 11 01 06 01 16 17 03 06 27 25 07 25 13 09 19 02 10 22 14 06 14 03 07 11 16 20 10 06 14 20 07 13 21 12 14 25 01 05 03 17 18 25 14 03 06 21 20 05 04 06 26 18 09 21 01 24 13 26 02 27 08 08 01 01 08 14 14 24 08 06 13 14 03 16 17 25 09 25 02 13 04 16 19 01 09 08 13 22 06 03 10 13 10 
26 02 06 02 16 02 09 21 04 22 12 19 27 09 16 14 26 01 06 03 08 06 12 15 18 22 10 20 20 22 18 18 13 12 19 01 13 16 10 05 27 10 12 15 19 01 01 06 17 06 09 25 27 09 01 17 19 10 25 27 05 15 17 06 26 25 22 01 02 04 21 17 13 06 05 20 06 21 26 11 16 23 08 15 04 09 05 11 18 02 10 11 06 15 16 20 12 10 20 03 
02 14 19 04 19 12 23 13 06 10 23 21 05 20 24 24 17 17 07 07 08 05 07 13 20 11 05 20 10 14 22 11 16 03 14 23 14 26 08 19 08 19 01 02 11 25 14 27 14 10 23 21 14 02 22 06 01 16 26 10 02 09 21 17 11 23 12 25 10 08 05 07 26 22 08 26 19 10 25 21 19 09 04 06 10 25 27 27 02 14 09 03 23 18 08 22 03 08 08 12 
15 13 18 03 07 14 01 14 24 25 23 04 23 15 25 21 13 25 20 14 27 02 06 11 19 13 06 21 21 13 22 24 14 12 26 09 15 26 11 27 13 07 03 08 21 01 01 22 14 21 25 13 11 19 24 02 20 18 12 02 19 06 26 06 06 13 14 09 12 14 08 13 20 27 20 02 16 09 13 18 18 10 19 01 01 04 19 09 21 19 11 13 13 09 07 07 21 20 16 21 
06 12 06 14 11 14 05 15 12 17 05 02 15 24 03 04 27 10 12 10 01 22 11 13 19 17 19 02 25 23 22 20 08 17 06 07 03 26 11 14 15 15 05 02 27 23 05 16 05 06 14 21 27 24 06 19 13 13 20 10 25 03 02 05 19 24 27 11 22 10 13 10 14 17 27 02 01 21 06 05 26 19 25 25 15 19 05 27 21 13 10 18 16 27 11 23 23 26 06 18 
25 08 16 11 24 15 01 14 08 07 18 22 25 05 20 13 12 13 01 21 26 10 11 03 10 10 25 21 09 20 11 22 27 26 05 12 03 21 25 26 27 05 21 14 09 02 26 09 14 15 03 01 25 02 03 23 12 17 16 09 09 16 03 24 03 23 08 21 16 22 20 05 26 02 18 23 03 05 04 05 08 22 22 05 24 13 16 24 02 21 21 26 09 12 11 27 07 19 21 11 
13 02 04 27 03 10 22 21 03 14 14 11 09 08 04 21 10 20 06 11 02 26 26 10 10 09 25 05 16 18 04 17 19 08 16 10 06 26 03 09 13 17 08 10 13 11 19 22 19 24 22 20 11 20 18 09 17 16 02 06 06 05 11 14 01 27 23 23 25 26 20 10 04 27 08 16 10 26 11 02 11 21 10 10 13 01 18 18 16 08 12 21 13 23 07 02 22 03 13 08 
17 05 07 20 04 14 24 14 02 07 04 01 27 13 11 01 13 17 08 17 25 19 11 26 14 06 16 24 24 02 05 13 06 11 21 10 13 18 12 03 13 15 04 02 16 14 18 18 03 25 07 27 17 06 14 19 12 03 05 24 04 09 26 09 08 19 18 09 09 02 12 11 05 15 12 10 01 02 16 19 27 22 08 05 17 21 23 17 23 27 13 26 24 11 08 20 03 14 02 27 
05 13 10 09 16 10 07 05 12 22 23 27 06 03 04 22 24 15 27 19 04 12 07 16 23 14 09 14 16 10 02 20 11 01 18 26 10 24 03 10 08 14 25 02 17 01 12 02 05 11 09 08 22 15 12 06 17 20 08 22 18 10 14 17 26 04 04 24 17 06 07 24 09 04 25 14 21 25 15 25 08 12 21 18 16 05 24 21 14 20 15 04 18 02 21 16 21 24 13 10 
19 08 06 16 11 19 02 20 16 05 06 12 05 15 03 20 09 15 03 22 07 17 14 25 07 23 02 01 20 14 10 27 10 05 15 10 12 05 02 01 09 08 12 02 11 03 22 19 17 24 13 24 02 27 10 09 22 11 25 03 14 23 18 23 27 21 05 12 25 23 01 22 19 01 24 02 04 07 21 20 19 22 05 09 10 14 17 21 25 03 23 11 26 03 22 14 23 16 14 10 
11 14 20 18 04 05 19 23 11 01 15 18 23 20 27 05 06 05 25 19 08 10 18 22 01 13 08 12 17 22 21 27 24 03 06 16 07 24 11 07 25 26 13 09 07 12 02 01 06 27 09 13 25 26 23 25 27 03 09 16 13 19 04 26 10 09 14 16 06 25 11 19 12 24 16 07 24 17 07 02 05 15 03 02 03 25 15 02 17 13 18 02 20 21 16 02 19 03 06 13 
16 06 04 27 02 19 22 14 24 01 05 02 05 07 19 07 21 07 08 10 08 14 27 27 24 16 17 15 07 22 27 22 27 19 10 17 26 04 04 22 20 08 23 24 03 04 19 23 10 16 05 06 02 21 05 14 09 21 01 04 04 16 25 04 07 23 20 05 26 12 16 18 08 11 04 11 03 11 06 01 26 27 06 17 20 26 03 17 08 20 20 12 08 06 04 04 01 12 08 15 
