40 100 27
08 23 10 09 05 14 23 20 01 01 18 26 22 16 16 03 26 19 26 01 02 24 10 20 25 12 08 02 04 15 25 12 26 23 20 03 10 04 22 26 05 13 25 26 01 02 17 15 09 04 16 11 27 14 03 14 14 26 15 18 13 02 18 11 24 26 03 06 03 24 21 23 25 18 10 15 08 26 02 16 02 17 26 17 03 18 03 17 16 07 23 18 08 02 17 04 27 19 26 18 
05 19 13 02 25 22 16 05 09 07 09 10 23 08 16 15 14 18 20 18 24 15 08 20 16 14 13 04 05 11 22 09 18 23 27 04 18 04 24 26 10 05 25 22 01 13 09 03 03 01 21 16 04 17 24 08 03 09 11 08 08 21 05 25 17 20 17 07 24 13 21 22 07 18 16 23 03 24 26 22 13 19 26 16 24 22 23 27 20 23 23 27 16 27 14 05 09 03 27 05 
16 21 15 11 27 04 06 19 16 20 13 02 27 27 17 24 10 02 23 02 24 18 02 12 06 15 17 14 06 05 07 10 25 22 20 25 14 15 16 02 07 17 03 07 05 09 03 14 10 14 05 06 04 22 06 25 09 11 12 03 16 07 13 13 17 05 26 03 19 14 21 15 19 23 21 23 04 12 10 02 25 03 07 17 24 02 14 21 12 14 23 27 21 08 13 10 13 11 02 20 
14 22 07 05 06 16 17 26 16 15 27 13 17 23 18 13 24 05 06 08 18 01 08 27 09 09 26 10 08 27 18 10 10 14 15 15 02 04 02 07 18 02 19 23 24 10 08 09 03 02 16 09 02 12 09 26 09 07 24 06 22 15 15 20 17 18 23 07 10 25 13 16 26 05 11 11 03 18 08 21 19 12 02 10 24 10 24 21 05 21 26 15 24 03 23 13 20 19 19 03 
05 05 18 19 25 02 02 16 08 25 09 16 09 26 25 21 09 10 15 02 03 02 06 15 04 01 16 24 08 24 15 12 17 05 03 14 22 20 18 03 17 15 18 26 13 04 08 10 13 22 12 05 13 06 19 05 22 08 17 03 20 04 03 09 25 06 11 19 14 01 10 04 15 27 18 16 03 25 26 05 09 26 09 10 04 27 14 25 23 04 16 04 23 19 12 20 24 22 01 26 
11 10 02 14 26 08 03 17 22 01 21 19 26 02 17 18 18 03 15 02 22 20 06 18 11 06 26 23 01 26 21 11 25 12 25 23 08 16 12 02 16 22 09 03 12 25 20 02 17 23 20 11 15 14 17 25 19 05 09 08 19 03 08 16 03 21 27 10 09 01 01 24 22 25 26 22 23 07 13 12 02 05 11 17 07 17 03 25 21 01 22 12 19 02 17 21 22 05 19 03 
05 19 15 15 17 02 10 01 08 22 01 09 15 27 14 10 16 06 07 25 06 01 26 24 18 15 06 12 08 24 03 13 16 17 16 21 18 14 21 25 08 10 23 11 09 09 20 25 03 16 11 08 05 09 20 23 12 25 23 20 22 26 21 10 15 09 19 06 23 01 19 19 10 14 03 18 12 11 04 14 15 15 11 09 23 03 04 08 01 15 16 11 13 09 09 17 17 27 11 12 
27 02 20 09 05 11 15 16 21 19 18 25 06 01 06 17 04 25 13 20 12 01 19 25 09 27 14 15 26 24 15 14 14 07 11 18 17 25 22 27 16 13 24 10 13 18 27 05 15 01 13 26 02 04 12 26 19 14 13 06 26 01 19 13 23 02 19 13 16 14 01 20 15 24 03 16 14 18 21 17 07 22 15 08 15 27 23 06 02 24 12 01 13 19 13 09 10 20 10 25 
22 10 17 09 22 08 25 24 14 07 13 21 17 16 17 04 15 12 10 06 25 10 06 10 01 07 18 26 26 27 23 21 25 02 02 19 09 15 15 12 21 16 05 11 05 10 03 08 11 12 13 08 10 18 17 27 13 24 25 12 12 21 21 10 11 11 17 08 26 21 19 08 09 12 18 13 11 21 10 21 21 22 01 20 02 06 19 14 02 05 14 03 14 23 12 24 07 01 05 21 
21 12 01 19 13 08 20 23 01 02 16 10 13 05 02 14 26 09 16 17 14 19 19 27 14 03 13 09 19 17 02 02 17 03 20 02 10 01 24 26 03 12 24 15 05 15 17 04 23 21 20 25 12 11 14 15 02 26 23 09 04 14 26 20 05 07 22 14 08 18 01 10 19 13 13 23 27 02 15 12 11 07 09 23 06 11 26 23 09 10 05 12 23 03 21 27 26 15 02 06 
21 18 15 12 04 16 24 03 17 11 03 27 07 12 11 01 11 25 24 20 08 17 20 03 08 13 19 06 27 20 11 21 27 14 21 03 02 17 21 07 17 24 23 12 24 22 01 07 20 24 26 27 02 08 18 10 20 25 04 09 18 04 18 06 06 11 08 08 17 17 03 22 13 25 22 09 09 22 05 01 08 19 16 09 26 22 07 08 20 27 16 26 03 22 04 08 21 27 04 26 
16 07 09 18 20 03 15 01 14 19 17 21 11 21 18 25 05 25 05 13 24 09 11 26 19 03 22 13 18 26 11 22 21 20 12 13 11 27 03 24 07 08 06 17 18 24 15 22 21 08 07 06 06 06 20 24 24 14 09 14 01 09 08 21 17 09 07 27 08 25 13 03 21 18 20 11 14 23 21 23 19 16 01 24 21 09 21 06 23 18 19 23 26 16 06 15 13 12 04 20 
25 05 11 18 11 03 02 14 14 22 09 06 11 26 18 20 07 11 26 18 02 06 03 16 10 08 20 22 08 23 03 05 16 14 11 26 05 12 01 08 23 26 02 22 24 19 03 19 19 17 26 09 12 01 24 21 08 16 05 04 27 07 08 04 09 18 03 14 19 19 21 03 17 22 13 13 02 04 21 20 10 19 01 21 08 25 03 15 02 07 18 18 14 14 21 11 20 12 24 27 
04 06 18 20 16 19 22 18 23 15 10 05 22 11 14 02 24 16 05 14 23 11 04 25 24 25 08 05 25 21 05 01 26 11 21 15 03 15 05 14 18 03 18 01 02 20 02 25 08 06 01 03 16 04 16 01 17 24 05 15 17 25 15 15 09 24 18 27 27 22 13 06 25 19 06 15 11 07 13 18 01 02 10 05 05 25 05 11 21 26 14 10 23 17 14 20 14 04 19 02 
15 04 08 01 22 13 15 21 09 16 12 09 17 21 14 11 18 18 10 01 16 23 26 01 12 12 20 14 05 01 16 08 04 12 24 15 24 11 08 05 16 08 14 21 17 16 20 08 22 02 24 27 13 22 27 14 23 08 27 16 08 04 23 01 15 19 15 01 18 11 05 22 19 07 16 08 22 08 04 17 26 16 05 27 11 04 13 22 27 02 10 08 05 21 08 09 12 11 09 18 
10 02 13 17 09 17 14 19 13 17 24 11 22 01 27 05 20 12 26 20 13 24 16 07 17 23 04 17 22 01 07 04 02 08 10 26 24 23 07 10 01 03 09 22 20 08 15 01 09 13 20 10 25 08 05 14 19 08 03 02 08 26 22 26 06 04 24 19 26 03 17 15 22 14 10 03 11 24 19 19 26 12 17 23 08 22 10 16 18 01 06 15 26 27 13 21 03 25 01 17 
17 17 05 27 19 14 18 02 26 09 09 24 09 26 09 06 09 18 21 15 07 26 02 22 15 03 15 17 17 04 23 06 09 16 21 27 18 11 18 16 08 26 02 17 13 10 22 10 16 04 25 22 18 26 16 05 18 19 11 07 22 22 01 03 10 10 19 27 09 09 15 16 07 05 05 09 14 15 18 18 07 15 13 25 03 17 18 20 25 01 15 08 22 04 11 20 13 18 19 21 
26 07 09 21 11 03 02 14 06 09 04 13 23 05 26 14 11 16 06 08 06 09 15 27 12 14 20 24 04 27 17 18 22 15 12 06 06 02 08 11 10 11 12 22 05 10 08 15 26 03 22 04 11 25 19 12 01 27 08 20 27 14 27 21 01 11 15 22 01 11 05 27 22 17 10 15 26 17 02 13 08 12 16 19 25 24 03 25 23 26 07 11 12 06 21 01 05 24 11 05 
08 16 20 18 21 02 05 08 08 06 21 15 17 25 22 14 10 13 01 22 12 07 21 12 12 14 02 16 11 12 09 18 16 02 24 25 03 01 06 10 06 15 14 11 01 08 13 11 21 02 05 21 24 25 05 08 01 22 12 27 07 10 06 11 11 02 09 02 02 14 01 23 17 14 22 17 10 23 16 03 25 09 23 21 23 17 18 23 27 02 22 22 11 27 06 10 01 14 01 18 
16 01 13 21 03 07 10 12 02 15 04 15 23 26 09 18 04 15 13 04 16 23 25 16 11 19 14 27 21 14 17 09 03 02 18 21 24 01 06 15 15 09 02 26 23 26 17 16 13 18 19 18 14 05 22 24 24 24 24 17 11 02 15 02 20 05 23 16 21 01 19 24 25 10 23 09 24 12 24 10 02 04 16 04 09 10 17 21 22 02 26 05 03 02 23 22 23 18 27 16 
07 07 02 20 16 13 01 13 24 14 11 14 17 26 07 14 24 23 23 18 24 22 12 15 12 07 26 07 13 25 12 08 04 13 27 09 25 16 21 10 02 04 12 19 18 07 05 03 02 01 09 14 11 09 18 22 04 16 18 16 02 02 12 05 03 27 13 16 16 22 14 17 14 14 24 04 21 18 22 11 07 04 14 17 01 04 27 05 08 17 09 09 07 21 13 09 20 15 24 08 
09 10 14 12 24 26 04 06 16 26 16 11 18 02 16 18 05 16 22 12 21 20 20 01 13 22 09 05 25 22 02 22 20 04 06 05 18 10 10 07 24 26 17 14 27 22 20 21 10 04 21 19 23 03 19 08 13 17 01 10 11 18 04 19 10 26 24 01 08 06 23 04 04 01 06 20 22 25 13 04 01 06 12 23 08 03 19 20 08 09 18 07 26 11 26 25 09 22 25 05 
27 20 08 20 09 02 12 04 15 24 23 16 18 07 27 15 26 08 23 06 16 14 13 03 24 11 27 21 21 13 25 09 21 21 01 03 22 01 06 09 13 01 13 04 24 02 07 22 09 02 27 13 04 01 15 16 27 04 09 20 16 22 02 10 15 18 12 25 19 06 23 04 06 08 23 02 25 18 12 06 09 12 07 12 01 22 17 01 25 25 20 02 20 10 11 23 17 11 21 08 
16 16 27 11 12 12 01 10 18 13 04 26 13 11 11 13 21 27 13 18 13 22 08 21 20 19 17 09 02 10 05 07 14 21 17 25 21 17 07 11 02 11 10 14 10 09 16 03 24 17 09 09 11 16 19 04 07 08 01 25 06 06 04 19 26 20 05 08 25 12 18 16 11 27 18 20 24 06 11 20 23 19 18 22 07 09 25 03 16 26 27 10 20 19 01 07 27 21 14 13 
05 20 01 04 20 19 12 05 24 22 25 08 13 15 03 09 12 16 11 16 03 26 25 22 06 14 17 05 07 03 06 01 23 07 04 04 25 05 08 10 26 21 18 01 24 20 25 08 08 08 23 11 22 09 21 27 22 11 20 18 02 25 18 24 20 10 16 17 14 13 27 02 06 06 18 19 14 15 15 21 11 11 20 21 08 03 09 19 02 01 09 03 14 15 16 07 13 04 12 16 
05 11 17 27 05 23 18 18 26 05 01 09 04 09 18 12 11 26 03 12 26 27 04 01 14 19 23 15 22 08 03 16 07 08 15 12 03 05 02 01 25 02 25 02 11 04 02 10 02 20 11 16 08 14 17 10 05 01 24 15 08 27 03 15 07 06 15 10 10 16 26 24 07 13 14 06 16 04 15 18 23 14 06 19 27 11 01 20 12 24 08 08 23 26 22 19 05 25 17 03 
03 04 26 09 16 12 03 21 04 06 27 26 20 21 06 19 05 06 12 05 19 08 12 14 06 23 21 26 20 10 02 11 14 16 19 18 17 10 11 20 16 10 08 08 20 13 15 24 19 15 17 10 11 01 12 06 12 22 04 21 04 21 04 06 10 12 24 26 21 07 18 25 06 14 21 14 27 09 26 07 12 15 05 12 04 16 17 16 10 09 25 03 03 01 08 01 01 04 26 22 
27 05 19 21 19 13 07 07 10 05 13 10 08 17 21 11 21 26 15 20 08 01 22 26 02 18 26 18 11 13 12 10 06 20 19 13 21 14 19 19 07 20 17 14 25 27 24 19 25 01 27 21 01 10 08 18 27 22 09 10 23 09 08 02 17 15 03 10 01 11 17 07 03 07 20 17 22 06 08 08 22 07 02 22 05 25 02 04 20 10 03 04 07 10 05 24 14 24 22 14 
07 12 10 25 07 18 14 17 12 10 24 06 05 14 17 09 12 18 02 20 16 04 23 22 02 17 18 15 13 13 18 08 13 16 05 08 06 08 24 18 17 20 23 11 07 12 19 07 18 20 26 06 12 10 01 14 26 18 17 11 19 07 18 20 22 12 27 17 19 12 07 24 05 18 23 27 19 15 06 09 23 20 04 24 02 04 10 01 10 15 27 02 22 07 10 05 07 10 10 25 
21 05 10 14 23 06 13 03 09 07 11 20 26 14 16 17 06 14 06 16 02 05 06 12 27 15 05 06 13 15 19 07 19 18 09 03 23 11 05 20 17 05 12 05 07 17 21 13 19 26 17 20 19 11 20 08 25 25 13 27 01 05 22 08 11 03 11 06 13 15 14 19 08 25 23 15 03 05 16 22 19 21 03 10 04 12 17 17 25 19 16 25 12 10 05 22 13 04 16 14 
08 02 05 15 15 27 18 18 04 22 01 11 15 19 21 18 19 26 08 16 06 23 02 06 22 07 27 07 26 15 09 06 05 14 10 20 02 27 26 22 22 15 05 09 22 14 16 14 02 23 02 07 07 04 13 01 26 01 23 24 05 21 19 09 07 01 01 08 16 15 18 10 02 23 08 24 09 12 10 10 07 27 06 02 03 07 19 01 07 03 14 11 23 21 20 02 21 09 26 09 
24 05 08 14 27 04 26 25 15 08 23 10 24 17 27 26 23 18 16 03 10 18 13 05 11 21 23 20 03 10 01 26 14 24 01 03 16 27 27 19 23 11 01 19 01 01 07 23 07 22 14 16 01 27 21 11 20 05 19 22 14 08 09 27 05 10 02 09 25 17 01 20 01 01 12 17 17 07 01 13 17 15 01 17 14 10 16 22 03 07 06 16 14 14 05 07 12 22 16 25 
12 16 18 01 05 18 06 22 24 06 23 13 20 12 18 22 11 06 17 13 01 22 02 14 24 22 21 25 16 25 22 27 13 12 16 17 18 21 27 14 27 11 15 08 23 05 03 06 26 19 18 26 02 08 02 25 02 22 22 18 19 06 06 20 06 11 25 24 04 14 26 19 24 14 27 19 07 18 13 22 09 04 20 10 27 21 23 02 04 07 08 11 12 02 03 17 12 17 02 05 
03 01 12 26 03 11 07 25 17 19 19 25 11 01 23 11 10 08 01 14 14 08 13 14 09 05 19 10 21 21 14 23 10 25 10 12 25 16 25 14 24 06 01 23 06 12 22 04 19 22 06 05 18 19 07 16 23 26 14 16 19 27 27 17 13 09 17 10 14 14 13 26 19 13 21 13 24 16 06 05 26 11 09 06 18 16 10 13 03 23 17 21 22 16 10 07 14 15 06 27 
01 18 14 09 19 07 10 15 11 15 19 26 15 17 04 05 21 13 07 23 08 23 05 18 01 03 24 03 17 18 18 06 08 04 14 26 26 13 03 10 16 10 08 03 15 27 08 08 12 03 19 08 25 12 25 14 03 10 16 19 01 22 14 08 25 16 23 24 01 25 22 17 23 18 08 11 17 15 07 17 17 26 24 04 26 10 06 02 19 11 20 19 05 22 16 19 11 11 04 11 
08 14 16 19 04 24 02 09 27 09 25 06 23 10 25 21 19 03 22 10 02 15 18 23 25 06 14 08 16 06 08 12 19 23 03 11 08 05 19 24 13 05 02 24 14 15 17 05 06 12 03 08 15 20 03 12 25 05 20 13 10 16 13 17 11 16 27 08 09 18 04 10 22 21 06 24 08 22 01 13 06 19 09 20 12 11 05 25 04 13 27 02 01 12 18 27 27 17 07 08 
23 26 17 06 08 22 02 04 06 18 17 11 10 14 04 10 14 24 07 17 09 22 19 09 07 25 24 06 15 20 03 26 18 08 05 15 19 22 18 24 13 23 07 11 10 26 09 23 22 04 01 19 26 19 16 05 17 13 26 20 05 17 07 11 25 27 25 05 22 16 01 23 27 23 22 09 11 03 04 21 22 05 13 20 12 01 13 17 02 01 25 06 17 21 06 03 20 19 07 14 
07 23 25 23 08 19 04 18 10 24 11 05 17 12 13 01 02 26 07 03 26 20 25 04 13 03 07 06 21 02 08 17 14 06 12 10 13 04 16 23 27 15 16 05 27 01 06 01 15 01 19 13 20 16 06 22 07 01 27 17 02 23 22 04 01 22 13 03 25 01 14 14 16 02 18 04 18 12 04 06 12 11 07 21 27 12 15 22 12 03 11 03 25 21 22 15 15 08 17 02 
24 19 15 01 20 05 20 26 17 12 04 17 23 27 26 11 11 02 05 12 04 05 03 02 25 24 05 02 20 10 03 06 01 17 22 09 10 15 07 15 26 27 05 21 26 19 04 09 21 25 09 24 02 11 14 15 08 18 16 16 27 07 21 16 23 16 24 22 03 04 09 01 19 02 11 17 21 03 14 03 27 23 26 17 06 02 21 02 08 25 18 24 05 27 12 16 15 25 10 17 
01 19 07 08 09 06 24 02 08 10 04 24 05 19 13 27 09 22 17 16 20 23 01 13 23 13 01 10 10 27 16 26 07 22 06 15 27 02 06 23 27 25 19 05 16 21 20 13 15 09 18 23 05 18 08 16 19 25 25 01 13 13 15 19 23 09 06 11 26 27 07 26 25 14 19 02 07 11 15 11 08 05 22 01 11 03 16 03 16 03 03 01 04 07 08 27 15 02 26 14 
