40 100 27
06 14 09 04 11 01 27 01 19 16 25 26 12 15 12 23 25 25 04 15 24 26 13 08 10 24 25 08 18 02 16 13 04 24 16 03 25 15 19 05 04 16 19 04 19 04 16 16 17 19 04 02 06 05 09 15 01 22 12 08 23 27 20 15 23 08 06 09 11 24 03 03 13 21 23 20 13 11 09 02 18 01 03 23 21 27 26 22 21 10 02 05 25 10 08 10 17 13 07 16 
10 09 08 22 03 03 03 04 13 11 06 19 27 24 03 21 13 01 04 06 27 05 27 24 03 07 22 08 20 02 23 02 10 03 12 01 21 14 05 22 14 10 13 13 22 15 06 07 16 09 02 04 02 01 27 04 07 22 11 26 12 23 16 21 14 27 22 08 03 15 02 16 13 04 01 07 18 07 03 22 04 04 25 22 04 14 25 26 24 25 14 08 20 02 01 22 18 11 02 20 
25 20 08 26 23 24 22 13 03 24 24 23 27 10 17 19 23 03 17 19 27 19 26 08 10 16 03 27 26 20 08 13 12 04 27 07 27 21 09 19 17 21 14 16 03 19 23 26 21 02 17 10 20 05 06 02 20 08 17 07 17 13 08 17 16 08 13 16 17 10 07 07 03 09 11 05 27 07 19 20 24 25 18 16 02 24 07 10 20 12 05 09 25 13 26 13 09 27 17 25 
09 12 20 11 20 04 04 19 26 23 01 22 20 18 26 10 14 21 19 07 06 23 04 03 24 18 04 21 17 10 08 25 21 16 24 14 19 01 21 06 23 10 16 15 01 04 24 03 24 04 25 02 15 18 20 01 08 13 21 25 22 17 11 15 06 08 17 13 08 27 08 19 09 23 06 25 26 18 17 23 21 14 13 24 04 06 24 01 18 07 14 01 23 24 15 17 20 21 19 16 
20 26 07 17 10 01 15 25 18 04 09 27 06 21 24 26 15 20 15 21 15 01 21 27 13 25 16 22 18 07 10 26 21 06 15 04 06 18 17 24 10 25 23 05 18 08 03 22 17 17 15 04 06 25 03 18 22 08 01 01 14 11 15 24 16 18 16 21 09 05 06 18 02 18 11 08 25 13 02 03 18 06 07 12 19 09 03 13 05 19 02 08 02 05 04 06 22 19 16 19 
23 21 26 13 27 09 20 14 11 11 16 01 16 11 13 07 09 04 08 13 11 25 20 13 18 23 07 01 03 22 20 14 05 07 26 20 15 19 06 25 18 11 15 22 21 16 17 02 08 13 15 18 26 23 19 16 19 15 16 10 09 24 24 02 03 22 11 07 02 16 04 08 15 07 02 09 11 18 26 07 03 02 14 01 25 05 05 05 19 21 14 17 06 26 07 09 10 17 15 11 
22 07 08 09 03 09 06 13 27 21 20 18 22 06 08 08 26 12 01 07 21 04 23 27 02 18 24 27 08 27 27 18 06 07 15 08 15 21 10 03 03 02 10 13 23 17 21 10 17 10 16 27 02 27 15 20 18 11 19 14 10 18 04 04 24 18 01 01 27 10 03 02 27 12 15 22 17 24 04 23 22 09 11 24 08 25 16 14 24 07 27 22 14 19 25 10 26 25 10 14 
23 02 05 22 02 19 05 08 04 09 03 25 06 02 10 13 26 25 16 11 21 15 05 07 23 18 16 10 05 15 23 27 16 27 22 17 07 26 13 26 23 15 13 17 16 22 03 03 20 07 13 02 10 06 08 05 13 23 03 17 26 26 05 14 14 15 20 10 03 05 08 25 09 20 15 13 04 06 05 12 01 06 13 10 12 20 15 24 04 17 02 03 04 06 05 07 21 13 16 23 
07 12 09 04 21 12 16 24 06 09 08 06 15 09 16 26 01 19 11 20 24 12 22 17 06 16 23 15 17 27 26 23 27 24 15 20 24 20 05 03 01 01 24 15 09 01 02 25 08 12 18 05 12 01 10 07 05 05 10 22 20 25 06 19 21 21 01 06 13 21 24 02 22 21 06 19 21 07 17 02 08 23 22 08 23 04 03 01 24 13 11 05 10 16 12 19 25 12 24 26 
22 21 01 16 03 06 23 12 12 12 02 08 07 12 16 19 15 18 19 27 19 18 04 17 06 05 08 04 05 21 02 26 03 18 14 05 23 26 05 24 10 07 20 06 18 08 13 22 15 20 21 06 10 14 12 15 18 19 07 22 01 25 10 03 15 23 23 27 10 17 23 09 23 15 14 02 12 15 12 26 07 22 20 16 08 04 19 14 12 26 24 01 23 06 20 26 18 15 25 27 
20 20 08 04 24 10 06 24 24 17 11 03 11 03 07 07 23 26 09 23 13 06 23 08 27 15 22 17 19 20 06 11 01 13 15 13 12 09 09 24 14 19 16 14 11 22 20 22 20 18 17 21 23 01 01 22 05 23 01 12 04 06 11 04 07 14 17 18 22 25 04 25 06 19 11 16 13 19 10 22 09 15 15 20 15 05 04 08 16 04 19 19 25 03 11 04 16 27 11 27 
14 14 24 19 05 23 07 06 14 05 27 12 19 04 04 22 08 23 03 23 15 10 03 12 12 13 05 17 13 04 16 15 06 01 06 26 23 01 04 25 05 20 25 23 23 02 06 19 13 08 03 01 18 05 12 18 17 05 23 18 08 11 05 13 27 26 11 11 26 04 25 03 23 22 14 07 12 20 25 25 16 27 25 22 04 25 13 09 03 08 16 26 08 09 01 23 08 27 07 22 
03 20 25 25 14 27 20 26 19 17 12 24 16 25 18 08 22 19 06 13 16 21 12 12 18 01 07 14 27 02 09 03 21 22 16 24 21 09 11 02 25 22 14 03 08 04 10 02 12 04 04 27 24 04 11 04 04 06 17 03 24 14 21 17 08 10 02 18 07 12 08 20 22 21 22 02 24 21 20 08 24 23 23 10 26 22 13 18 01 02 09 13 16 03 02 12 01 20 02 07 
04 25 26 26 18 21 16 04 03 08 27 26 03 23 08 17 17 09 23 06 27 05 18 15 07 09 15 23 01 06 02 20 03 16 07 21 25 23 24 27 03 23 15 22 07 22 11 24 20 07 18 19 11 25 22 06 22 09 01 11 14 18 03 17 06 26 10 04 21 22 03 23 17 17 06 24 01 17 09 09 12 15 27 11 12 21 05 06 02 05 05 05 11 08 21 16 06 19 08 15 
13 27 26 02 05 05 14 21 10 22 02 21 26 01 04 10 10 08 05 12 01 09 05 27 05 25 04 26 16 12 13 01 11 12 18 04 16 21 25 14 04 26 07 02 16 26 01 25 22 05 25 11 02 02 10 23 26 13 21 03 13 07 19 12 07 26 16 11 19 13 24 22 11 03 13 26 17 13 24 11 06 10 21 23 12 19 18 26 20 01 02 06 07 09 17 02 07 05 12 14 
17 08 25 17 26 10 15 15 11 27 14 05 10 07 27 10 14 07 08 06 07 25 11 13 07 17 03 13 21 14 16 27 10 13 16 08 22 19 11 21 19 24 25 17 19 24 26 05 03 22 10 25 20 10 26 26 26 01 27 19 14 15 18 23 27 22 19 10 14 02 03 21 14 16 26 05 13 13 09 04 07 08 02 26 17 16 13 04 17 13 11 03 16 18 15 16 12 22 14 25 
13 06 07 26 21 05 20 06 17 01 26 24 24 16 11 02 04 24 05 20 25 16 12 13 06 15 17 17 25 20 04 10 25 10 25 18 04 17 13 20 06 27 05 03 15 16 04 07 01 25 16 14 02 16 15 07 19 21 12 16 13 04 26 26 03 12 16 06 01 17 25 06 16 19 08 19 07 01 26 23 14 03 25 15 18 12 21 09 21 21 13 06 14 27 04 16 11 09 21 11 
25 07 06 14 25 13 21 20 02 19 04 15 10 01 02 16 02 11 13 22 21 26 01 07 25 20 22 25 01 04 08 15 10 02 17 24 15 10 16 05 18 20 09 27 09 10 16 10 10 01 05 19 15 21 25 02 02 08 26 19 11 22 06 09 24 22 21 27 20 10 04 10 18 12 26 15 11 14 25 09 03 18 27 07 27 13 08 01 20 22 19 19 16 13 16 01 23 10 27 16 
08 20 25 14 20 23 01 19 25 25 27 17 04 15 23 03 27 19 04 08 13 11 15 17 24 20 18 08 02 06 23 25 14 10 11 23 21 11 14 19 25 03 24 01 17 19 20 06 26 23 13 27 22 01 16 07 09 22 15 10 17 26 23 19 08 06 14 02 05 17 09 18 19 05 19 08 12 11 13 10 22 15 09 05 04 13 12 12 24 15 10 13 13 05 04 10 26 07 11 19 
23 08 10 14 12 17 10 23 16 12 21 26 26 18 03 02 19 03 02 15 17 11 27 19 04 20 01 02 26 27 20 10 07 18 23 07 07 21 18 22 05 11 20 19 17 12 20 08 14 10 23 04 20 11 11 12 03 11 13 17 26 22 26 05 01 10 11 08 04 01 18 24 27 11 16 16 22 24 12 24 07 07 16 15 18 26 27 09 09 01 26 23 11 13 27 12 23 26 19 15 
15 09 11 14 08 15 18 18 12 19 15 07 25 03 10 04 02 09 13 26 26 27 22 09 01 10 20 12 09 27 26 12 25 26 26 21 02 05 12 13 23 15 08 10 17 18 13 07 15 14 22 13 02 16 22 03 14 03 03 11 19 02 23 16 16 10 09 17 14 09 19 26 23 15 08 02 05 09 08 20 12 02 21 02 06 04 20 09 07 23 19 25 13 14 02 01 23 26 06 26 
08 13 24 19 01 20 20 21 17 17 13 01 07 23 03 02 26 22 10 05 17 01 18 02 04 08 18 15 07 13 02 03 25 14 21 25 06 14 19 12 19 20 12 25 15 03 26 14 25 08 07 03 25 14 21 17 21 27 04 27 12 22 02 10 08 12 07 03 14 14 14 05 07 25 02 10 17 01 12 14 24 08 05 21 21 14 10 14 14 03 03 25 24 20 07 04 04 03 22 17 
05 08 10 11 22 12 10 11 01 21 13 24 01 06 18 10 20 16 13 06 18 15 19 03 23 15 23 16 06 17 21 10 25 04 21 08 15 19 07 15 12 19 27 02 24 06 27 05 22 12 26 01 15 18 20 11 21 15 26 26 04 19 08 17 11 17 24 25 08 19 01 09 10 17 10 23 22 09 27 05 10 15 22 24 05 14 23 25 01 21 23 20 02 03 26 01 09 11 15 16 
03 04 24 12 20 22 23 15 20 12 19 02 26 02 14 03 15 10 16 04 19 27 24 09 18 22 10 26 05 24 15 07 27 27 08 20 22 03 23 14 14 03 04 12 05 17 03 19 26 07 23 07 06 08 15 24 18 24 11 11 09 25 18 09 14 14 17 08 16 12 10 19 03 02 19 07 18 11 15 06 17 26 12 12 06 26 24 12 12 07 22 20 21 01 17 07 14 06 03 19 
06 12 10 09 02 17 04 19 27 18 13 06 16 13 17 10 12 13 10 12 19 05 04 12 05 21 07 19 15 09 10 21 09 08 18 10 24 21 18 13 12 03 18 16 16 07 26 16 19 08 16 26 01 19 27 06 01 06 13 05 04 11 25 12 07 15 11 19 08 01 04 08 19 21 24 23 16 11 11 23 07 26 22 08 07 21 02 23 15 03 27 07 02 13 08 08 16 18 26 13 
07 03 20 25 12 05 21 01 15 20 23 22 19 06 18 14 15 08 25 19 10 25 25 11 10 05 07 15 11 05 27 17 23 19 15 24 24 08 24 27 27 08 21 07 03 27 09 17 07 07 08 05 20 22 04 18 26 10 05 10 15 04 26 26 12 02 22 08 25 07 07 14 15 17 09 17 05 18 22 01 13 03 05 05 24 09 11 11 18 16 09 21 08 24 09 19 25 03 26 23 
10 22 25 13 27 06 18 04 12 01 04 24 19 25 17 15 06 17 15 12 21 23 22 01 08 03 20 06 21 07 17 19 17 03 04 16 08 10 20 20 11 12 05 02 09 11 06 03 27 09 15 20 20 25 20 01 16 01 22 09 24 11 01 13 02 20 02 09 19 10 17 02 21 22 19 03 21 13 05 20 21 08 12 14 21 20 14 09 10 08 07 06 07 07 07 08 15 24 05 06 
06 22 23 16 05 04 18 25 16 11 17 10 19 17 12 12 25 25 10 23 21 16 01 16 11 24 12 25 20 16 20 15 26 15 03 03 18 09 27 23 19 05 05 26 10 05 27 24 18 25 19 11 13 09 15 23 05 26 09 13 03 01 27 02 16 18 04 22 26 20 17 07 13 10 21 12 14 09 08 04 06 15 03 18 23 17 02 27 04 11 02 07 11 01 24 15 08 27 26 22 
08 15 17 10 14 27 10 27 08 17 20 14 20 11 20 16 01 11 04 20 21 05 15 20 22 11 08 02 27 06 12 07 09 02 05 11 01 14 11 24 19 19 26 12 02 19 16 18 02 19 11 11 13 25 03 07 09 26 24 08 20 24 03 18 25 24 01 14 26 27 11 07 18 09 07 09 16 22 26 06 02 25 16 14 23 08 09 20 22 21 16 04 18 07 21 15 03 10 18 18 
10 01 24 16 09 03 24 25 24 23 19 25 09 08 01 20 04 09 12 25 19 16 01 09 23 10 12 14 20 02 04 18 02 27 06 27 02 03 13 14 14 04 01 22 27 17 04 03 25 15 17 05 20 06 13 04 05 25 17 13 26 10 03 17 09 08 05 27 26 17 02 01 09 02 12 09 18 15 27 05 18 05 09 10 11 11 13 04 08 03 16 22 12 18 11 09 25 15 24 13 
20 26 13 02 16 24 10 07 11 25 27 02 03 24 27 02 07 13 05 14 04 20 09 04 26 08 01 12 12 25 24 04 23 10 21 11 22 19 06 22 17 05 23 19 02 11 20 08 23 13 11 15 21 08 07 19 04 08 19 15 05 16 08 16 14 01 15 08 20 21 02 25 14 13 16 04 13 24 01 24 25 11 12 18 18 18 25 10 14 16 25 18 20 21 22 06 21 10 03 02 
03 20 26 16 22 03 09 07 15 09 03 12 19 03 18 25 10 15 07 23 20 20 03 12 13 24 07 23 22 09 24 24 01 12 02 11 14 10 17 02 18 09 02 25 27 20 11 09 23 17 21 15 26 23 27 11 08 06 06 19 03 19 15 19 03 05 03 05 03 08 22 09 05 13 22 05 05 05 02 27 11 22 04 09 06 19 19 03 13 14 21 15 05 24 22 23 18 13 16 09 
21 11 18 14 23 01 07 16 06 09 04 16 19 07 13 25 25 04 16 10 17 25 13 10 21 08 05 11 20 10 09 02 20 26 05 04 15 11 08 20 08 11 24 27 07 09 13 20 02 01 19 07 25 04 17 07 27 10 07 09 19 15 26 27 02 03 19 16 14 26 25 10 26 10 09 21 19 21 13 20 10 04 26 23 08 04 19 23 03 14 04 21 01 19 10 18 21 01 22 23 
16 19 06 03 02 03 23 09 13 08 17 11 01 04 23 08 08 14 19 10 27 12 19 16 03 01 06 23 18 27 08 22 08 02 13 09 04 08 06 16 04 22 27 04 25 22 27 05 24 08 03 23 19 22 11 21 11 05 05 01 04 01 11 27 02 23 08 06 19 02 10 23 23 09 15 10 19 04 03 15 11 06 10 02 16 09 11 26 13 15 16 06 05 26 05 06 11 02 27 02 
03 10 13 15 07 17 24 26 20 26 13 03 20 12 20 08 09 03 23 11 06 11 05 10 25 09 05 08 26 04 26 18 02 11 05 09 27 17 23 08 04 24 10 24 24 02 20 06 20 15 05 26 14 09 24 12 06 17 08 21 21 06 11 11 06 04 08 21 09 03 02 12 27 27 24 23 18 17 17 10 20 21 24 07 18 10 07 24 26 03 17 08 09 16 08 03 19 15 12 16 
18 13 27 06 02 24 01 19 02 07 17 21 16 03 27 07 12 06 19 26 09 08 23 06 12 03 24 19 17 08 07 23 10 06 01 11 18 18 02 19 24 07 13 01 09 01 07 09 23 25 24 20 21 19 25 05 10 10 23 26 06 02 22 15 24 11 25 14 01 15 22 13 11 07 14 19 23 09 17 18 07 13 10 16 04 23 21 02 05 05 27 11 23 10 14 19 10 01 21 10 
04 15 12 14 10 25 06 06 06 11 12 01 23 22 17 15 17 26 16 11 19 04 10 14 03 23 21 12 12 15 10 16 18 21 02 17 07 23 11 02 06 22 02 01 05 07 04 22 21 19 21 13 23 19 26 25 14 20 25 26 23 07 14 02 01 04 18 07 27 17 24 05 12 15 22 16 21 25 26 04 06 08 16 01 26 03 14 02 11 11 16 06 17 18 24 06 21 03 02 20 
20 25 14 04 12 08 08 22 05 23 25 10 03 02 26 02 04 01 03 15 11 18 09 17 08 21 22 17 24 12 10 16 10 23 08 21 03 15 04 23 10 17 22 02 18 20 03 11 10 21 14 09 27 22 25 07 05 09 12 01 20 21 16 18 05 23 01 23 26 04 19 25 21 02 26 11 10 17 21 19 10 07 01 09 18 14 04 11 11 15 11 20 25 15 10 02 26 10 14 24 
03 21 10 23 22 24 22 04 13 05 23 22 27 12 19 06 25 11 16 25 15 15 17 12 02 26 02 27 25 15 13 27 08 11 22 18 08 05 22 20 25 06 04 25 06 22 19 03 22 08 27 09 22 05 09 13 04 26 12 01 14 13 16 10 24 26 17 04 03 11 23 01 05 15 14 10 26 05 01 20 01 17 17 23 21 25 24 13 23 08 13 25 21 01 24 06 26 13 09 18 
12 20 07 05 08 20 14 06 13 03 25 14 19 14 25 02 27 21 14 11 17 16 25 26 05 21 04 20 22 01 10 22 21 16 26 01 24 01 22 25 03 19 11 11 21 24 12 09 17 25 19 23 13 05 21 18 25 25 10 08 25 08 02 07 12 27 23 24 27 17 21 19 24 21 02 17 17 02 14 23 15 22 18 17 26 11 07 13 24 05 20 11 01 11 06 01 10 02 24 26 
