40 100 27
02 22 24 12 26 05 05 03 25 10 09 16 22 18 27 02 17 04 05 07 18 14 08 16 09 24 17 17 06 17 22 24 27 19 08 25 12 01 16 09 26 13 13 21 19 02 22 09 05 15 04 22 02 27 26 26 23 05 16 02 10 26 14 09 06 21 23 17 21 27 15 20 13 16 02 04 17 12 01 21 26 04 05 16 04 19 15 15 23 19 05 05 17 18 03 23 27 14 01 10 
13 04 02 14 20 19 07 09 03 07 03 01 27 23 06 03 14 20 06 26 27 27 03 05 17 21 27 06 23 17 15 09 20 05 11 12 23 17 10 25 24 12 14 12 23 19 03 09 27 08 07 26 07 26 04 13 08 19 18 04 24 21 01 17 25 11 17 20 17 26 06 13 26 19 13 21 27 15 19 15 22 14 14 18 12 06 19 09 13 25 12 10 18 12 15 15 11 20 07 27 
19 01 01 06 19 13 16 07 27 07 22 11 09 24 17 10 18 08 18 03 05 02 01 11 02 04 25 12 24 20 12 04 20 01 09 27 14 13 07 02 08 17 12 17 13 01 26 03 08 16 21 01 17 11 11 18 14 24 18 26 16 18 02 24 19 27 24 05 12 19 06 20 08 07 09 20 07 07 11 04 11 04 20 27 03 20 06 17 16 12 15 21 03 06 17 21 05 02 14 05 
20 08 24 27 03 21 08 10 16 18 02 26 11 10 14 02 02 08 18 18 20 22 27 22 16 16 04 09 07 06 13 26 02 26 15 05 08 11 03 24 18 04 11 17 13 25 18 04 21 25 21 13 08 09 23 23 13 15 04 19 20 05 07 22 03 21 15 11 20 17 23 10 09 06 26 21 19 17 13 13 14 22 14 21 03 26 05 16 13 08 07 22 01 13 05 04 22 19 03 15 
08 14 24 16 19 12 25 27 17 11 01 03 05 14 12 08 12 05 12 25 01 18 08 01 20 12 20 14 03 22 01 26 08 14 14 16 25 27 04 14 26 04 05 04 17 05 27 18 09 27 15 25 17 11 25 09 22 18 12 13 01 01 11 25 14 13 02 27 12 05 02 27 08 06 19 13 26 07 03 23 06 06 20 22 16 07 20 10 24 20 11 13 20 21 10 07 06 11 22 07 
15 24 06 11 02 24 24 17 19 26 12 24 05 05 07 20 27 26 19 23 18 02 24 27 12 07 06 06 06 27 12 10 23 06 20 14 18 05 03 09 04 03 05 24 23 12 16 22 26 23 06 06 14 03 05 25 09 26 03 03 14 04 12 26 09 21 01 16 25 03 13 01 05 07 13 17 07 18 11 21 13 17 26 26 19 19 23 16 06 15 18 20 18 03 07 26 23 07 03 09 
25 16 26 18 11 11 07 17 01 18 10 03 07 25 01 14 16 13 02 11 27 19 19 17 10 25 04 21 04 23 03 01 27 01 18 10 27 14 26 01 04 08 03 26 05 19 01 10 20 02 20 08 09 27 24 08 24 17 01 16 01 19 05 27 08 22 09 08 08 23 24 27 03 15 14 24 06 14 22 15 15 03 22 13 02 08 20 25 24 09 02 13 17 06 12 13 16 09 20 24 
04 05 12 22 19 26 07 14 12 01 01 16 19 22 17 20 18 25 06 03 22 07 15 11 12 15 24 01 23 05 13 15 26 13 10 06 11 16 08 12 06 08 16 24 19 21 06 25 18 11 01 12 07 15 12 18 03 24 07 14 01 19 02 26 05 27 21 04 15 01 04 09 25 19 22 05 12 27 02 18 26 02 03 05 17 03 12 08 26 18 21 15 26 22 03 19 21 23 22 25 
23 26 22 20 06 16 24 07 04 15 24 03 16 15 23 21 17 07 01 15 25 22 03 12 05 05 03 15 16 13 01 11 27 22 20 06 27 05 12 19 19 24 21 08 12 06 01 01 12 18 05 25 01 23 09 05 16 27 08 04 13 08 03 12 19 22 06 07 16 17 25 07 14 19 03 14 24 20 03 24 10 07 22 10 18 19 03 22 19 11 25 20 07 17 04 25 27 10 04 15 
15 02 22 17 09 24 03 21 05 22 06 14 01 27 23 08 08 26 02 15 25 16 07 20 21 26 18 20 24 10 08 01 27 18 06 24 03 09 17 08 03 23 21 19 11 06 15 07 20 06 21 06 21 16 25 14 04 15 22 27 14 02 16 02 08 22 26 11 19 04 07 10 26 27 17 26 21 05 05 13 10 15 18 19 19 16 21 22 19 15 11 21 17 26 23 13 20 21 23 11 
24 02 20 12 18 26 26 11 03 19 13 01 06 03 19 25 07 12 19 15 26 02 08 04 17 19 17 09 01 01 09 14 19 17 25 09 15 12 08 06 03 20 06 09 12 13 22 07 13 02 21 01 20 18 04 09 25 09 06 26 26 14 12 17 04 25 25 07 09 21 13 11 14 07 08 14 20 18 20 05 20 03 05 01 20 25 09 06 06 14 04 20 01 15 09 20 12 22 15 09 
16 27 20 02 07 16 15 15 07 23 19 15 25 24 15 06 10 12 12 04 25 15 24 14 19 05 22 19 27 10 01 04 09 09 21 04 13 08 18 08 19 10 22 17 22 25 22 04 09 06 07 07 10 19 09 17 24 04 08 12 13 24 15 10 05 08 03 07 04 20 14 22 18 09 27 01 22 22 20 04 16 27 26 14 07 23 03 03 26 11 14 27 23 17 26 01 24 01 23 16 
20 09 27 27 06 26 27 01 09 20 20 14 08 18 27 14 13 03 17 01 02 19 16 24 25 14 13 10 14 08 26 23 06 25 22 11 23 21 11 21 13 19 07 20 09 06 23 11 24 12 27 14 19 15 27 16 02 12 26 04 09 13 26 14 26 09 24 21 03 24 14 04 15 09 24 13 15 19 12 27 19 11 14 26 14 13 04 04 13 18 08 21 03 22 23 01 04 09 10 06 
21 13 25 24 21 21 25 24 01 09 24 08 08 10 23 11 11 26 14 23 16 10 06 07 05 17 23 24 25 05 02 07 06 26 04 16 09 17 12 25 26 08 22 22 06 17 21 16 04 08 01 19 17 22 14 10 11 09 06 25 02 23 04 08 11 23 23 08 13 07 21 27 04 04 10 25 20 04 14 12 27 03 19 16 24 05 15 23 13 09 20 04 05 13 11 04 08 22 27 09 
17 20 08 20 24 18 18 05 21 20 17 09 11 24 13 07 02 27 02 03 09 11 06 02 23 05 21 19 26 20 01 16 01 08 24 24 14 14 18 23 22 23 04 05 19 17 27 09 05 18 12 13 01 06 03 12 11 12 03 09 04 03 13 05 27 10 17 02 12 23 25 07 18 01 27 26 06 27 07 11 17 07 12 06 13 04 17 23 15 19 20 19 11 06 12 26 04 17 27 15 
13 24 21 19 14 21 17 19 09 24 18 25 03 03 03 04 06 08 26 20 15 08 27 25 02 27 12 05 17 12 19 18 24 02 09 26 22 26 18 03 22 24 16 13 26 07 17 04 14 04 13 01 11 12 15 01 01 26 05 17 26 13 07 23 14 15 21 24 02 27 15 23 24 19 25 11 25 14 15 11 17 16 11 17 16 14 06 16 13 27 05 11 12 27 22 14 04 16 26 05 
04 13 17 16 04 14 27 01 16 03 27 21 18 26 26 06 13 05 22 14 04 15 24 04 04 19 17 23 23 04 27 15 16 16 04 08 18 03 24 06 05 12 27 11 10 25 16 11 18 26 24 10 03 10 13 06 17 18 01 12 21 16 15 25 21 18 05 27 09 17 06 13 01 21 12 11 07 17 21 14 15 07 23 06 16 09 27 05 15 16 05 09 05 19 06 14 10 27 13 18 
16 07 20 17 16 04 16 23 09 09 25 24 04 20 18 19 01 18 23 16 06 27 13 26 08 07 01 17 06 03 23 22 09 04 27 14 08 15 09 05 12 22 01 16 14 08 23 15 25 19 19 19 07 04 07 03 10 23 19 05 25 04 15 07 07 14 20 03 17 17 08 17 11 24 05 24 04 01 27 17 08 07 25 03 10 04 06 09 26 13 02 13 16 16 19 12 18 27 14 07 
05 21 23 04 07 17 16 10 06 16 16 02 11 13 04 21 05 25 18 19 27 19 04 04 23 11 15 13 26 02 08 03 11 03 22 17 08 11 16 13 15 04 03 25 05 07 07 09 20 24 27 19 04 20 23 15 03 10 27 02 27 07 20 27 26 15 16 22 25 20 24 01 23 26 25 27 21 05 24 14 17 13 21 10 05 16 24 23 15 13 13 03 19 06 02 06 09 07 01 22 
26 13 22 11 11 19 26 05 12 23 07 18 08 27 27 01 16 12 23 19 24 09 21 05 03 12 10 11 18 26 05 05 27 26 15 11 06 03 04 07 25 10 24 21 09 23 21 13 07 05 20 20 13 14 24 15 14 22 25 04 21 18 24 20 05 01 19 27 03 22 06 16 04 02 25 02 13 18 03 19 22 23 11 24 25 07 27 11 18 14 03 11 04 26 19 09 26 27 24 17 
21 02 05 14 03 02 04 15 08 06 22 19 01 22 04 25 17 03 24 07 16 15 06 20 14 25 17 01 13 13 07 06 03 11 08 05 02 11 08 25 06 18 05 06 12 08 20 02 11 05 08 26 20 03 07 22 16 12 11 01 13 17 22 15 17 03 08 18 02 15 04 07 06 09 02 06 16 10 07 26 14 04 14 22 06 20 16 21 21 27 10 06 16 04 21 05 22 01 11 13 
05 04 19 26 12 09 04 16 18 27 15 21 19 17 15 13 25 20 22 18 19 04 24 23 23 17 17 18 06 16 03 26 19 10 24 19 08 17 08 14 05 11 07 12 27 11 24 24 19 07 15 26 10 27 21 21 16 26 11 10 15 02 09 22 01 21 03 08 26 10 21 19 09 17 03 24 27 15 09 07 21 12 05 19 11 25 13 15 13 12 25 16 03 22 10 03 04 01 10 03 
26 03 21 07 19 13 03 07 27 12 13 10 12 06 17 23 04 02 10 16 03 23 20 05 17 02 07 21 19 05 12 17 07 21 13 15 06 04 10 22 04 12 20 16 17 09 11 09 27 20 13 02 16 05 22 21 23 01 03 14 21 14 19 27 24 04 03 02 08 02 12 11 13 04 26 18 02 09 27 01 18 12 02 22 06 23 04 01 12 07 14 05 09 21 20 05 25 12 23 05 
13 23 04 14 16 03 04 17 27 19 17 06 04 07 16 25 18 20 25 02 15 27 22 23 20 03 17 17 14 12 10 15 07 14 01 22 05 21 11 20 12 16 26 04 22 14 01 12 22 25 02 09 13 12 21 06 15 10 11 17 21 21 05 16 23 05 27 16 14 10 08 26 26 22 02 09 09 03 21 19 27 11 17 13 23 10 07 10 19 17 26 01 26 19 05 10 13 04 25 26 
14 22 24 01 16 26 09 13 17 18 05 16 02 21 17 24 19 12 22 26 18 09 15 05 01 19 04 02 23 17 27 25 11 13 25 27 27 22 01 16 02 05 20 19 14 26 04 21 10 25 19 16 22 06 21 11 25 24 12 09 13 01 06 13 13 19 01 12 13 01 27 03 22 08 21 24 06 24 18 05 10 25 20 05 20 13 15 06 25 16 14 27 16 19 01 17 10 01 01 11 
01 16 03 11 23 23 08 18 09 14 22 18 11 14 11 19 16 15 24 02 03 10 17 18 01 17 07 26 17 23 26 07 27 01 17 11 23 13 01 20 26 11 27 26 25 10 17 02 24 14 03 26 12 20 05 02 09 27 27 15 22 25 10 10 25 26 21 10 01 10 02 15 21 01 13 07 27 19 08 23 05 26 11 05 18 15 06 16 15 06 19 25 19 01 08 06 15 17 04 15 
26 21 03 08 11 04 14 10 22 21 05 26 09 04 04 26 19 25 03 22 03 21 19 11 10 15 16 25 04 19 12 03 12 03 10 22 07 13 20 01 22 14 16 03 17 08 02 24 05 20 18 24 03 26 07 12 13 11 09 17 18 10 08 18 12 17 02 18 02 21 08 24 07 23 15 13 19 16 09 12 25 16 08 27 14 03 11 26 02 09 15 19 18 22 10 02 01 27 09 18 
20 05 03 16 16 18 17 07 22 25 18 19 13 15 07 26 17 07 14 19 15 01 26 05 12 24 22 01 23 19 18 05 23 10 09 11 27 25 06 21 11 13 02 24 27 24 11 05 03 24 12 17 14 27 10 25 23 05 14 08 12 04 01 08 13 09 07 01 22 02 11 05 14 12 17 02 08 01 22 27 13 23 16 26 11 26 12 22 19 25 02 03 18 18 26 03 15 06 20 09 
23 03 03 09 14 19 26 10 08 09 09 21 04 14 08 14 01 20 09 19 06 26 10 23 17 09 15 20 03 07 02 25 09 04 22 11 11 20 09 08 17 07 01 10 20 24 12 20 05 09 27 11 08 09 22 13 06 09 05 08 04 22 21 01 14 15 27 14 23 09 21 13 04 10 22 23 06 06 04 11 15 19 10 11 16 04 12 22 02 05 02 05 27 12 22 02 26 21 15 22 
18 08 23 21 17 06 05 23 11 08 22 14 15 04 13 04 07 24 25 24 02 15 18 17 26 12 18 14 05 06 24 12 02 19 05 19 13 10 03 23 06 13 26 21 16 11 13 11 24 10 08 14 13 25 03 01 25 09 14 18 03 26 02 05 17 07 12 02 05 03 13 26 15 27 19 19 27 20 02 12 18 25 25 04 11 16 20 08 24 22 15 16 20 16 20 25 11 20 15 15 
22 16 03 25 16 10 16 04 03 06 15 20 04 12 12 03 16 04 11 01 25 25 16 17 02 24 14 13 16 01 16 26 17 18 23 21 01 27 24 19 06 11 11 09 11 23 27 15 26 26 15 13 23 20 02 14 16 05 15 21 05 03 08 10 10 20 03 26 19 15 17 24 25 27 21 24 11 21 27 10 19 15 22 04 23 12 17 27 16 04 20 10 22 17 19 20 09 11 18 27 
25 23 24 12 12 06 08 22 26 08 20 18 11 03 10 22 15 26 21 19 18 03 01 01 19 20 21 27 03 27 15 27 23 27 11 07 06 08 17 20 04 10 26 03 12 08 24 15 22 17 07 01 19 07 02 26 15 11 14 06 26 02 22 10 17 21 05 22 01 22 04 20 04 02 22 04 10 07 08 04 24 03 21 04 25 22 03 13 21 16 07 19 06 01 02 23 22 06 06 22 
27 09 04 19 11 25 12 09 05 19 12 17 21 05 20 18 15 11 19 08 27 26 27 05 26 17 16 20 22 22 04 11 03 07 02 13 20 13 21 13 20 22 18 02 15 27 20 03 10 27 26 09 25 14 03 24 03 18 05 14 12 24 24 04 19 25 16 01 27 26 02 08 20 20 10 23 19 18 14 01 17 13 26 15 15 17 27 07 23 20 20 24 17 16 27 24 02 15 24 17 
02 26 25 21 18 07 17 25 13 19 25 02 04 12 16 08 17 04 14 13 24 06 09 02 10 24 25 11 27 22 17 02 20 14 11 26 09 16 23 21 08 09 11 27 10 27 07 26 19 20 27 15 25 24 05 07 20 03 07 20 13 23 10 05 25 20 19 06 09 03 15 16 11 25 15 09 13 11 08 05 03 23 08 01 20 13 23 01 04 02 09 16 24 18 09 10 27 27 15 08 
02 18 12 01 05 15 10 06 25 06 10 01 17 07 17 25 08 12 26 11 03 23 26 15 14 23 25 13 11 01 09 01 08 09 01 12 23 26 17 10 20 16 10 10 11 15 07 18 26 21 01 17 17 15 05 19 10 02 20 20 02 17 09 25 25 09 09 09 24 15 18 05 19 27 03 02 03 26 19 18 19 19 07 24 22 11 04 20 01 23 01 19 12 09 16 25 06 14 07 02 
01 24 23 19 13 25 20 15 23 11 21 04 18 01 27 01 27 04 20 01 15 20 08 16 01 12 13 22 25 08 13 25 21 08 05 22 05 13 09 17 12 19 20 18 19 08 18 18 27 10 07 15 18 03 19 07 15 04 02 12 01 14 26 21 21 03 15 14 05 12 19 16 03 27 07 21 24 24 01 23 23 23 26 02 26 17 09 13 10 26 13 10 12 11 19 21 03 06 07 07 
06 15 11 09 14 17 18 10 03 07 22 14 03 20 04 01 26 12 02 24 10 14 22 10 14 13 03 16 07 26 11 12 02 10 20 15 27 11 14 18 17 08 20 08 16 23 24 03 24 25 26 22 01 09 05 14 21 23 18 27 10 17 12 11 26 20 26 14 19 01 04 25 24 12 05 01 08 02 04 04 26 18 25 26 27 18 01 09 14 18 09 23 07 09 23 06 01 21 19 20 
10 12 17 06 23 10 06 19 11 25 11 26 05 25 13 20 15 14 01 17 20 25 02 16 22 24 21 23 06 01 04 15 01 09 09 13 18 03 04 18 17 04 05 21 01 17 02 04 19 18 21 01 05 11 16 26 23 09 21 17 25 13 04 26 21 01 27 12 03 03 18 19 06 22 01 22 27 18 26 19 09 08 19 13 07 23 11 02 20 21 18 17 06 10 04 27 10 03 27 01 
22 17 09 16 27 09 27 26 16 25 17 24 05 24 25 27 08 08 01 27 17 07 06 23 16 09 11 14 01 26 03 11 04 11 15 03 09 14 01 24 27 07 09 20 19 06 19 27 02 19 26 19 14 04 03 02 02 02 04 18 27 07 01 19 17 04 21 14 07 10 10 06 05 18 26 24 12 17 23 14 25 10 05 11 03 23 02 04 24 05 21 12 11 10 03 17 02 12 03 08 
21 02 14 26 08 12 11 20 17 22 06 14 04 26 14 06 21 15 25 06 08 07 17 08 05 08 24 07 19 15 14 01 05 27 15 13 27 25 05 17 19 26 19 12 13 05 06 06 08 04 27 16 26 16 23 04 23 08 10 03 22 23 03 16 12 07 01 11 04 21 16 12 08 08 12 20 01 17 14 25 09 13 13 08 17 24 11 01 04 20 03 14 04 21 02 15 16 02 26 20 
