50 50 50
31 07 45 20 47 38 08 48 41 44 43 19 26 05 29 48 39 03 13 43 02 32 47 41 33 36 17 06 44 42 38 26 50 32 45 47 21 05 44 14 48 38 32 23 42 12 23 33 14 35 
25 17 18 23 08 01 08 24 08 03 17 45 28 16 29 25 12 49 29 08 12 28 45 45 02 37 06 24 19 20 08 45 38 26 17 45 28 26 20 37 31 36 31 10 04 11 34 17 12 14 
24 25 41 19 20 43 07 27 18 27 46 26 21 36 03 39 30 32 16 02 18 48 39 50 08 42 13 43 09 24 09 32 50 49 02 19 43 08 46 13 34 43 38 06 28 42 46 10 25 14 
11 44 11 01 43 18 45 07 13 03 30 21 36 30 21 38 50 16 47 45 28 31 40 17 38 19 10 34 28 34 49 40 27 09 43 21 29 37 28 43 41 07 13 26 38 35 15 38 50 14 
34 29 44 25 45 33 44 04 18 23 39 16 15 15 27 07 36 05 43 15 47 33 21 11 10 11 45 27 50 47 40 33 25 33 08 22 17 03 27 35 25 16 02 39 32 28 45 19 32 39 
33 30 21 06 42 33 16 37 09 15 35 48 49 09 32 08 32 48 12 09 34 37 26 36 27 07 13 24 26 47 12 10 26 35 15 20 19 32 06 27 46 40 24 47 50 07 06 32 04 18 
42 40 06 17 25 32 25 37 07 50 35 21 10 13 07 26 32 25 08 37 01 05 28 26 03 29 32 09 10 37 28 03 26 33 19 02 16 44 39 23 45 23 45 06 37 01 32 18 25 41 
04 27 45 33 04 48 12 35 06 23 23 35 26 01 17 46 02 34 39 42 08 36 17 02 43 03 02 24 21 28 14 26 04 11 09 07 08 22 43 15 44 18 49 21 18 17 17 19 02 07 
13 10 44 29 11 37 31 15 12 01 42 28 27 48 38 37 06 47 10 49 13 05 18 13 26 35 31 44 05 32 50 17 41 46 47 04 32 28 18 43 28 11 20 06 08 09 44 14 07 03 
14 19 08 31 31 35 17 11 28 21 43 29 40 35 24 36 38 05 13 07 50 43 18 21 50 25 32 44 40 38 48 03 07 05 33 37 39 49 50 18 22 42 47 11 26 20 48 16 27 13 
22 26 05 39 48 06 16 29 01 05 17 49 10 23 05 42 11 46 43 10 13 14 03 09 26 29 31 23 46 07 37 17 34 43 08 33 49 25 12 49 29 28 49 38 02 04 32 12 49 24 
24 13 39 26 24 14 06 04 38 01 12 25 20 47 17 27 29 17 03 42 16 31 21 16 21 22 19 04 36 19 29 11 32 17 36 07 32 42 12 21 44 25 47 13 21 14 41 01 32 43 
45 47 26 15 15 48 39 33 01 26 04 31 36 37 49 23 43 30 14 04 02 10 28 49 22 50 14 13 02 45 07 46 44 32 13 08 29 01 40 31 26 45 11 13 31 09 35 23 40 01 
28 44 10 07 42 31 06 05 45 10 49 02 07 44 33 19 01 14 21 41 46 48 35 07 10 18 17 47 40 09 47 20 02 06 26 45 38 34 49 33 43 49 36 01 43 20 22 45 33 42 
35 29 40 22 37 01 41 05 47 30 15 45 01 18 50 27 12 40 10 12 22 04 13 09 06 07 28 27 01 13 19 38 43 10 11 29 12 01 35 11 32 02 05 33 19 07 11 33 46 22 
46 19 25 08 29 32 16 06 09 17 18 29 04 10 40 16 40 01 16 27 11 49 28 18 31 48 26 43 30 23 14 26 41 38 35 19 22 01 26 30 17 46 10 22 07 49 39 47 49 06 
25 12 04 04 31 37 01 06 29 33 28 43 08 20 32 44 40 03 44 15 34 12 10 43 35 17 41 23 15 42 28 41 03 34 44 33 20 46 40 50 28 17 42 37 36 26 31 27 28 24 
41 14 38 03 06 22 21 49 47 37 40 26 27 44 11 22 26 32 17 17 32 45 33 25 31 20 50 11 46 30 37 38 43 24 42 50 47 12 48 45 48 37 23 26 30 33 47 07 15 16 
23 46 10 07 20 42 28 22 03 25 01 41 15 45 14 06 44 12 18 42 09 17 30 31 45 12 13 43 18 29 08 43 24 19 01 46 11 29 17 15 05 17 05 19 13 20 25 06 33 44 
49 41 12 29 21 06 40 36 01 09 14 08 03 38 29 04 35 39 34 01 03 38 19 09 09 31 28 33 36 10 28 37 01 39 15 23 47 06 08 47 16 22 06 19 09 34 24 43 24 09 
45 28 48 13 36 06 45 13 40 32 25 17 18 27 08 34 49 04 41 07 50 07 28 07 27 38 41 02 30 14 10 26 42 09 40 29 15 34 44 06 15 18 23 35 44 30 18 42 35 09 
50 34 17 27 40 43 14 32 46 45 48 05 20 41 13 11 19 29 44 12 37 11 31 09 45 24 40 14 18 26 24 19 09 40 46 50 34 11 34 29 08 31 33 29 21 48 40 41 28 33 
03 14 45 35 24 41 11 15 05 30 40 28 48 50 20 43 02 03 06 35 32 13 15 14 41 37 13 30 27 43 15 31 06 09 16 32 02 28 46 06 07 38 35 04 37 04 49 38 07 04 
24 38 16 38 03 08 26 18 38 03 10 04 35 15 14 02 48 15 29 46 20 35 33 07 39 21 10 39 11 18 42 34 05 09 24 10 18 49 27 05 03 36 10 40 02 24 41 50 38 20 
45 10 06 29 16 46 49 27 34 09 45 27 45 01 37 18 10 05 18 36 11 23 21 21 12 23 44 04 24 31 23 18 40 31 46 07 26 46 34 12 07 28 38 01 28 27 20 38 31 39 
25 41 11 46 13 22 20 06 26 43 39 50 12 30 32 09 37 10 06 20 21 12 49 10 14 26 38 35 15 18 24 40 11 36 37 23 08 06 29 35 50 19 36 13 48 20 23 36 29 28 
07 01 40 05 12 05 33 50 40 49 19 13 38 29 48 26 02 07 31 32 43 32 50 31 46 49 50 18 35 30 46 43 32 37 48 45 41 32 46 30 30 15 42 18 43 42 43 46 50 26 
27 43 09 28 25 05 27 26 22 13 05 19 05 38 05 02 32 46 33 28 25 15 44 19 34 36 10 28 32 09 03 10 03 14 38 27 18 14 02 41 26 08 10 30 47 14 34 31 11 18 
08 36 32 03 06 15 38 17 43 21 25 47 31 30 12 20 08 29 33 10 22 10 19 31 41 16 46 24 46 07 44 05 44 27 07 49 42 46 15 36 19 41 34 01 20 46 20 28 26 04 
39 47 13 09 29 03 24 27 29 21 33 24 25 26 50 33 26 43 31 40 30 49 30 14 49 02 11 20 31 36 23 21 35 35 29 15 39 05 41 17 25 25 40 02 02 42 34 27 34 14 
18 14 14 48 27 14 01 39 33 31 24 05 01 10 41 31 25 30 35 15 48 10 42 40 11 43 31 46 22 14 12 39 27 25 36 05 41 38 43 23 18 19 30 20 28 22 01 04 01 35 
19 01 46 12 40 06 04 22 04 25 35 15 14 14 41 01 20 33 41 13 06 10 33 37 30 10 08 32 14 11 18 34 13 14 45 04 21 50 25 26 27 11 42 42 24 33 42 44 17 32 
08 22 42 40 10 23 01 20 06 16 32 25 01 44 40 45 47 11 47 21 38 23 33 30 16 07 14 07 02 30 41 09 04 34 50 15 08 02 34 13 18 17 39 18 10 29 15 08 39 13 
30 28 35 13 07 02 21 22 08 22 02 50 32 07 35 33 21 44 34 07 08 01 23 47 19 35 25 35 42 15 47 24 42 33 38 01 34 08 22 43 29 25 45 12 31 29 44 04 23 27 
10 32 28 34 28 48 18 02 32 12 16 30 35 10 12 22 10 45 31 33 37 09 10 31 20 42 12 15 45 36 41 06 17 20 40 45 17 07 48 50 20 16 29 06 27 42 27 36 38 07 
20 25 17 31 07 38 23 20 02 19 05 45 25 24 14 14 20 33 22 17 32 44 34 13 49 10 06 28 47 44 36 19 20 03 49 26 42 21 48 46 40 02 40 16 27 03 31 46 35 02 
15 19 45 48 33 46 10 38 23 06 31 08 26 02 10 25 28 04 47 27 49 38 30 38 03 07 40 33 02 27 37 18 45 33 18 27 28 27 16 50 34 49 08 10 50 19 36 29 22 32 
05 22 20 35 09 24 41 49 09 44 27 47 12 21 29 29 49 09 07 14 10 42 12 19 01 12 40 38 40 13 20 45 35 41 31 43 16 21 43 24 14 19 20 27 41 01 07 39 11 13 
03 20 05 16 41 07 27 30 45 19 42 16 15 28 08 45 21 23 17 15 49 32 36 20 09 26 20 15 15 30 30 19 02 36 34 44 44 13 23 40 31 16 07 47 44 14 41 16 39 07 
32 37 40 17 06 48 45 28 15 11 09 46 29 10 31 14 03 26 26 27 16 08 43 22 04 38 38 46 03 26 04 36 14 44 03 19 43 47 46 07 09 05 02 37 16 34 02 21 12 30 
47 29 37 41 02 43 28 39 40 32 16 44 18 29 39 22 48 31 20 45 38 28 49 41 16 17 27 17 37 40 46 33 18 35 26 19 27 05 08 18 39 25 11 08 04 49 29 03 30 50 
47 19 29 48 11 44 14 39 12 50 28 10 34 45 44 09 14 22 16 23 39 04 49 02 11 02 50 41 06 31 42 03 01 20 50 14 13 15 02 26 14 32 35 49 26 28 10 41 01 25 
15 40 30 14 43 40 17 44 32 23 25 23 27 27 44 28 40 06 42 44 31 07 25 16 05 02 45 16 45 46 40 11 37 19 26 31 10 45 24 43 19 48 17 45 27 10 22 18 17 15 
11 48 21 37 15 27 41 11 43 37 08 34 49 46 05 25 26 14 21 50 09 39 49 25 33 25 35 06 43 01 22 05 50 44 44 16 20 34 27 14 22 36 48 20 32 02 46 09 17 16 
08 25 06 09 02 40 33 36 45 27 38 18 34 40 11 27 05 31 12 33 46 35 21 45 04 02 48 02 10 15 19 20 41 25 28 44 14 12 31 11 39 19 28 24 10 39 50 14 21 13 
49 18 47 19 13 02 22 10 03 33 26 22 02 19 48 31 12 11 43 43 23 33 13 03 06 22 43 07 37 13 19 37 32 17 05 44 18 28 06 21 11 33 44 14 03 41 45 17 03 39 
09 28 23 23 30 30 46 22 36 32 36 06 19 17 22 25 13 41 03 20 13 15 04 06 28 07 48 24 23 01 12 33 28 34 05 09 15 02 30 50 33 15 07 03 33 30 30 45 21 34 
14 33 48 18 41 25 26 38 49 48 40 10 32 19 46 36 27 12 39 06 12 21 22 20 26 05 50 07 49 22 40 15 06 37 34 46 11 09 36 09 08 27 21 39 46 18 26 22 29 14 
30 42 36 01 14 11 05 15 17 06 36 08 22 43 44 05 41 05 15 26 15 22 02 37 12 49 06 37 23 37 02 02 30 37 04 43 50 11 07 18 16 44 26 39 37 19 43 29 25 09 
04 42 32 07 28 43 06 36 31 28 22 32 31 01 18 34 46 19 44 04 37 11 48 14 01 36 32 43 14 07 03 19 50 34 27 27 26 34 14 08 11 35 39 43 38 09 29 35 27 24 
