66 43 52
19 46 40 37 51 18 35 15 28 15 38 06 32 45 33 31 31 44 03 38 17 27 05 22 38 23 26 20 23 40 20 17 09 07 02 07 24 36 49 28 26 34 33 
05 02 41 36 33 33 14 46 25 40 26 46 26 48 19 21 18 06 16 35 42 23 12 48 22 47 20 49 48 30 05 52 07 46 11 15 02 24 08 26 12 33 20 
13 05 14 09 50 48 24 08 37 22 47 09 20 41 28 16 36 33 49 12 40 42 22 30 19 22 14 44 09 22 11 21 26 01 05 52 48 04 35 32 02 30 40 
21 46 44 12 06 52 36 17 39 01 14 45 19 35 06 11 43 27 49 39 29 49 19 28 44 23 38 52 52 15 15 48 09 06 07 42 06 43 06 20 19 47 12 
38 30 45 48 48 20 20 35 48 17 29 51 36 51 36 11 26 51 26 21 35 07 04 24 40 46 05 08 40 51 47 25 04 40 48 52 35 16 10 30 32 38 28 
43 13 39 02 38 13 27 07 23 33 38 46 21 07 26 04 46 01 26 19 04 41 14 31 23 29 40 28 36 02 31 27 14 18 04 27 30 30 09 01 38 46 22 
34 52 24 13 46 24 39 40 03 03 01 34 26 30 49 01 41 26 32 15 15 25 18 42 30 23 26 30 37 20 28 18 47 51 31 40 50 45 27 52 47 04 09 
48 09 34 49 49 07 04 40 22 04 33 39 33 04 12 39 16 07 14 33 02 40 39 17 37 07 20 12 02 23 21 25 31 02 21 03 36 52 42 05 03 23 19 
36 02 31 22 17 37 11 25 14 50 12 31 10 46 26 21 47 48 41 48 02 18 16 04 02 44 22 34 22 20 01 33 21 31 30 13 43 40 37 05 13 24 11 
22 46 36 43 16 07 07 11 36 25 03 15 02 46 36 35 43 31 35 24 27 41 01 39 32 41 52 12 29 51 50 51 44 09 17 08 43 51 18 26 23 20 40 
24 41 52 35 32 30 17 03 05 06 03 19 13 19 18 24 48 45 49 22 36 05 14 19 47 12 37 20 35 32 35 34 21 10 44 28 16 09 30 48 14 08 14 
02 03 08 25 50 28 21 47 11 01 08 06 47 19 42 42 29 49 52 39 17 10 30 44 01 14 49 48 03 33 37 04 35 20 04 08 47 52 02 34 52 09 39 
22 03 04 11 08 52 11 46 45 48 51 12 24 13 37 19 15 17 31 19 51 51 22 06 21 22 07 02 21 43 16 19 21 19 29 28 47 15 49 15 38 48 26 
09 08 38 03 22 02 34 16 52 08 38 05 28 35 39 06 31 05 21 49 26 16 26 29 38 16 26 52 02 21 01 38 04 39 41 01 40 22 17 16 29 30 48 
32 12 35 37 42 15 34 39 16 25 40 45 10 03 46 37 32 42 37 18 45 23 34 21 39 31 37 02 35 42 49 14 01 07 27 43 22 36 05 13 08 44 05 
45 22 26 29 30 15 13 23 35 12 04 04 50 10 16 27 44 06 23 05 34 06 07 24 27 42 04 39 25 23 20 17 21 21 45 50 36 34 48 46 21 27 49 
18 36 41 44 27 22 42 31 03 47 14 03 49 03 06 12 28 29 07 20 49 27 41 22 10 22 17 32 42 43 28 35 26 44 02 28 13 19 06 16 42 19 18 
38 50 51 25 01 03 31 20 27 34 08 48 19 05 40 50 22 06 26 04 07 45 33 34 06 52 40 49 41 34 42 02 07 40 27 07 43 33 27 45 14 34 41 
33 15 04 30 36 10 31 16 16 24 48 50 05 23 13 01 39 22 42 41 29 05 43 35 23 51 37 16 13 47 32 45 09 35 50 44 44 29 07 36 28 31 33 
32 01 45 08 40 42 25 04 18 05 22 01 28 20 37 19 32 31 50 52 15 08 26 07 28 30 13 11 05 19 19 12 20 39 47 35 28 19 14 46 51 35 22 
02 30 34 20 38 41 45 37 03 29 38 09 04 15 50 42 47 16 08 34 11 22 28 45 49 22 34 18 21 16 39 22 46 21 18 07 37 10 19 39 38 05 48 
17 47 21 06 42 36 41 23 23 10 27 43 07 48 25 24 44 16 39 42 37 35 07 43 19 44 10 05 06 14 28 22 08 48 28 25 08 44 24 30 02 50 20 
08 21 20 07 13 36 45 02 20 03 36 11 21 27 20 02 32 09 29 30 16 01 33 17 08 24 40 13 25 37 08 32 05 28 15 45 11 07 46 06 38 29 16 
06 32 35 07 39 19 12 16 35 12 48 27 47 20 14 35 44 26 18 52 30 21 14 23 31 48 44 37 33 49 28 15 28 39 21 14 05 08 06 15 47 01 41 
17 20 02 27 40 27 45 39 33 13 52 31 20 47 50 32 04 46 07 18 49 21 14 39 26 22 44 40 44 44 29 09 40 06 11 27 09 03 13 17 44 40 47 
39 10 44 18 13 14 52 06 10 21 20 24 46 17 15 09 08 35 37 44 50 19 31 24 27 33 12 43 52 27 13 38 12 32 31 01 45 31 06 31 27 01 30 
48 17 21 04 01 03 17 20 28 11 50 27 13 07 38 03 06 40 43 44 51 50 50 27 43 04 33 49 30 33 26 01 26 22 33 26 24 25 45 51 35 19 25 
47 25 38 25 30 01 43 49 28 40 47 02 06 50 34 02 04 43 04 04 16 25 12 17 25 36 37 51 46 03 52 40 27 13 40 05 14 30 29 41 18 23 18 
23 49 28 01 52 18 04 31 09 04 43 01 04 02 37 03 48 16 30 11 42 42 51 22 31 28 27 47 45 49 13 44 21 16 44 20 09 23 27 17 26 17 45 
06 46 29 36 41 20 13 52 10 30 50 07 37 01 33 31 46 06 19 37 26 34 28 22 18 26 48 34 51 12 02 32 05 07 15 22 26 03 21 11 33 46 18 
45 46 26 51 15 07 46 51 33 03 02 02 21 27 49 02 02 36 32 33 16 38 24 37 11 26 33 22 34 02 15 26 48 16 01 10 23 46 37 03 48 38 32 
16 41 04 46 18 39 25 26 30 10 49 43 20 51 51 17 08 01 31 10 48 47 10 05 17 03 17 47 50 31 02 42 19 05 35 12 19 35 37 48 20 10 14 
39 08 13 32 15 13 38 24 36 08 09 16 52 11 33 46 37 11 47 02 05 27 12 16 45 46 52 17 13 37 30 27 44 18 06 35 06 20 34 41 27 43 05 
27 29 13 48 41 23 19 42 27 45 01 42 14 22 17 30 34 02 35 37 21 29 18 31 34 37 13 51 12 31 03 14 07 43 37 24 13 03 13 15 24 14 04 
37 35 48 42 45 25 24 29 46 52 22 24 10 07 12 08 46 42 38 35 25 28 19 48 40 22 36 02 45 25 33 05 36 04 46 28 29 17 32 50 45 29 21 
02 35 09 09 04 50 46 38 50 21 05 21 36 02 33 13 22 05 21 26 40 24 19 43 28 11 50 25 03 27 46 32 37 30 16 41 27 37 02 01 33 34 49 
16 35 29 04 32 34 24 05 49 24 51 16 51 10 13 24 40 15 45 20 52 22 35 16 24 20 17 24 52 51 21 44 09 25 47 41 06 47 21 03 18 20 18 
16 05 06 39 44 21 31 11 48 28 22 39 52 17 03 51 44 29 47 11 14 20 06 30 25 52 50 03 45 45 48 08 49 30 23 41 26 29 27 21 05 24 07 
04 40 37 02 08 42 49 18 31 16 51 08 16 26 33 47 18 02 42 26 50 47 48 14 20 24 17 16 04 16 50 07 04 35 37 39 52 09 04 30 24 03 37 
15 28 45 09 46 46 27 47 20 21 18 09 17 17 01 32 21 17 30 03 48 40 39 34 39 47 13 16 46 15 28 37 19 48 21 40 18 47 34 37 44 27 21 
08 43 50 15 11 14 44 14 37 31 28 46 45 51 06 08 44 49 11 28 15 07 25 30 24 19 39 36 38 13 32 21 03 29 36 42 18 03 31 02 34 06 47 
26 04 29 10 24 25 20 27 15 02 51 44 01 46 30 12 31 18 44 52 48 48 11 37 14 13 43 43 22 49 14 48 28 42 33 27 42 28 02 04 30 28 23 
06 21 28 18 28 45 37 03 40 32 13 01 21 25 43 40 23 15 01 46 19 42 26 45 31 01 22 10 06 50 32 12 18 07 29 21 27 13 23 42 20 35 42 
17 36 09 04 34 51 04 27 17 21 52 10 27 28 07 36 34 04 43 45 50 25 49 18 51 37 41 16 32 51 34 48 10 42 51 43 40 02 17 33 22 44 18 
24 20 24 07 01 28 49 21 01 21 17 18 47 29 34 11 08 09 44 04 46 09 02 37 24 32 29 32 29 21 49 01 40 21 35 16 48 32 36 48 28 28 41 
51 04 51 09 39 07 28 18 52 12 48 12 11 27 41 43 31 09 39 31 24 07 14 39 30 21 50 01 24 25 18 22 04 16 06 42 50 09 08 49 48 03 37 
07 05 25 25 35 09 11 42 08 46 31 46 51 27 19 28 50 43 45 48 22 36 01 39 33 38 46 05 33 24 41 39 04 41 39 15 49 26 04 04 19 10 25 
45 36 43 48 09 09 40 04 30 51 05 17 07 42 38 12 50 38 28 13 41 17 51 31 13 24 34 45 18 19 17 11 02 36 06 39 20 22 42 50 48 22 42 
03 39 03 14 37 40 41 49 05 05 23 35 46 47 45 38 12 11 30 50 41 41 32 27 09 29 44 34 24 14 51 26 28 01 15 12 17 04 36 49 36 07 31 
05 29 51 42 40 38 48 14 26 12 45 28 48 21 47 29 44 08 03 18 12 04 32 51 48 11 35 44 23 17 22 27 45 49 45 08 34 16 21 07 27 41 10 
23 09 04 27 29 40 30 22 51 33 29 25 28 40 07 47 38 51 16 12 19 12 32 27 45 47 23 27 22 12 12 20 48 44 46 24 31 23 45 05 31 50 29 
34 13 12 28 50 38 20 37 05 07 17 07 28 11 29 30 08 16 42 27 12 09 21 11 39 19 32 19 26 29 23 35 41 10 39 38 48 06 22 52 40 38 06 
15 25 10 21 32 26 10 07 37 18 03 47 32 49 26 26 50 30 48 33 18 06 47 31 29 52 29 28 15 14 09 06 14 18 26 46 19 35 52 03 28 30 26 
35 26 27 08 24 05 31 32 50 12 26 29 40 01 33 43 15 46 27 20 08 45 45 29 39 03 28 18 06 05 43 40 06 45 23 05 25 30 36 51 41 09 03 
05 09 35 47 52 04 22 47 39 42 40 15 28 18 42 45 24 22 11 11 04 32 10 08 04 39 20 02 27 28 32 31 13 14 02 40 18 51 34 04 40 21 19 
43 39 36 12 38 34 50 48 37 29 33 20 09 19 39 38 22 43 18 28 31 31 29 18 48 27 51 52 42 48 18 09 10 29 48 47 10 45 18 22 22 51 42 
30 17 04 43 38 46 08 14 24 39 18 41 34 21 16 09 38 11 02 22 20 31 17 14 40 10 31 38 07 29 27 12 22 06 02 35 52 10 48 51 24 42 40 
33 10 03 42 23 41 19 45 08 49 09 49 13 46 03 50 52 32 52 39 29 05 41 11 32 26 35 31 49 52 46 29 09 48 46 07 12 13 51 47 37 36 43 
25 29 45 50 05 52 49 43 28 30 07 15 09 08 25 39 04 24 32 09 08 03 30 14 42 18 13 36 03 48 26 03 52 47 01 04 46 25 23 50 02 29 40 
39 37 12 01 16 35 09 52 42 39 30 31 29 23 43 12 01 14 14 04 14 08 04 45 29 28 15 26 06 20 41 44 32 52 20 23 10 28 23 27 15 28 06 
19 26 48 30 27 38 19 30 51 02 09 19 31 12 34 32 17 29 21 36 08 48 04 06 06 31 28 32 21 31 37 39 05 09 45 31 22 11 36 20 13 44 38 
19 03 47 50 48 23 46 31 06 42 34 12 47 41 15 02 09 46 15 24 26 51 16 32 20 02 15 15 42 34 28 08 36 23 06 07 21 51 38 03 16 47 14 
38 35 04 40 20 25 30 43 50 28 06 29 23 35 19 37 25 52 12 32 12 34 13 18 31 40 31 33 03 26 22 41 08 25 04 27 50 33 17 23 08 50 52 
06 33 46 42 05 22 01 12 09 11 25 02 41 12 33 49 42 06 18 30 41 42 33 44 39 41 36 10 24 34 37 29 42 06 18 22 27 47 33 35 05 33 37 
21 20 45 17 10 26 10 15 14 51 24 05 14 12 17 51 36 50 35 12 15 16 30 36 43 24 44 01 04 01 13 52 48 05 44 05 06 01 48 20 51 19 52 
12 30 16 10 41 41 20 01 03 36 06 14 02 05 34 30 36 34 19 35 29 51 26 10 05 26 33 24 24 51 51 12 04 15 49 45 03 45 45 34 04 26 23 
