66 43 52
12 34 11 43 20 46 16 33 33 16 19 05 06 20 40 03 33 06 37 16 31 02 26 32 22 04 37 50 42 06 08 29 15 46 19 10 15 11 43 47 02 09 28 
07 04 15 38 37 49 50 52 27 28 02 35 49 05 19 47 22 52 02 50 14 23 44 24 37 30 14 07 32 50 34 38 02 25 23 38 21 21 37 23 24 14 05 
20 46 52 14 15 51 43 40 13 41 08 36 25 37 49 08 16 46 17 02 47 41 52 08 09 48 21 32 19 34 12 15 28 11 28 18 10 19 06 22 07 13 05 
08 25 29 43 41 50 07 18 21 24 45 28 08 41 48 15 35 30 27 49 33 37 01 50 46 47 31 15 29 19 47 12 20 23 02 08 21 37 01 17 36 45 44 
43 09 40 06 20 45 32 16 01 44 44 26 38 38 33 28 15 27 23 26 46 21 04 01 17 16 29 33 51 22 01 41 30 40 22 49 08 29 41 36 21 32 09 
34 46 41 09 08 16 07 09 09 04 40 38 48 03 14 29 29 11 05 46 17 20 15 13 27 44 29 10 40 37 46 21 30 35 29 13 26 12 49 10 15 13 47 
38 15 37 42 20 23 46 13 39 13 27 52 39 46 04 24 33 40 18 01 45 28 06 33 01 45 30 10 35 42 33 20 32 45 10 51 15 03 39 02 16 14 29 
30 35 32 30 16 48 23 44 16 50 25 49 26 17 02 11 51 19 43 47 26 11 04 25 02 06 39 03 49 52 07 03 35 14 32 26 37 02 17 01 27 18 49 
52 34 26 38 09 44 05 31 17 15 34 17 16 15 04 46 40 31 52 42 41 14 49 14 50 26 07 50 52 24 22 27 33 23 12 17 14 16 47 07 31 04 23 
22 19 02 16 06 33 15 23 21 04 19 11 30 44 45 27 19 16 25 45 24 23 04 17 37 48 11 19 02 15 17 23 09 19 14 42 27 05 40 23 08 06 09 
37 25 01 40 43 16 40 35 16 10 14 32 22 37 18 40 38 08 05 37 16 51 26 33 01 30 20 23 14 01 08 26 25 08 41 15 52 04 25 15 14 15 22 
11 51 39 27 13 47 07 25 38 05 50 19 05 28 14 03 17 43 10 42 15 46 31 06 45 34 06 07 23 20 28 34 47 42 36 35 36 42 07 22 46 04 16 
26 07 05 04 23 47 42 41 38 35 19 43 27 28 24 09 27 20 12 36 42 01 19 24 37 08 06 34 01 37 25 02 44 29 05 42 52 22 06 37 04 52 03 
06 28 26 14 02 45 01 13 10 02 31 33 14 38 14 47 14 51 19 15 18 23 47 35 22 17 41 06 48 40 36 02 15 38 43 44 06 44 04 16 45 10 48 
06 47 38 28 08 36 22 50 01 44 21 35 42 37 23 23 08 11 07 37 01 44 28 21 49 47 52 12 15 10 36 48 32 21 23 16 32 44 13 32 11 33 42 
52 45 41 23 29 27 05 13 03 24 16 23 20 10 51 08 52 36 19 47 15 15 45 30 46 12 19 01 23 27 42 50 48 06 48 24 08 52 12 11 51 28 09 
19 13 07 02 13 42 20 07 33 34 52 38 27 39 04 27 09 31 44 35 02 26 30 25 33 06 12 43 04 39 52 50 52 34 51 40 52 18 22 08 51 49 45 
01 36 25 27 44 03 47 02 32 20 32 32 28 13 43 19 44 30 46 42 05 03 40 44 30 34 41 37 08 38 30 09 21 02 11 12 32 33 42 11 28 21 42 
04 09 32 22 52 37 43 41 17 45 05 36 23 14 25 35 21 10 12 29 30 41 40 17 20 48 06 06 24 02 23 27 10 31 24 10 15 14 26 08 34 06 43 
32 19 15 15 40 24 02 44 29 43 07 46 38 03 27 20 26 29 42 52 38 48 23 23 39 12 25 46 21 06 36 01 25 51 43 40 50 20 31 27 38 38 20 
52 40 46 19 13 50 36 12 12 32 10 34 18 21 34 11 41 40 22 17 12 20 07 27 18 03 05 44 40 42 39 39 29 08 33 41 06 17 28 17 24 37 26 
41 33 08 27 22 23 48 38 10 44 21 36 09 23 40 28 38 30 14 25 34 49 05 51 02 49 02 18 20 39 20 36 19 27 38 16 25 10 02 34 01 50 17 
37 20 32 12 05 37 01 05 19 49 38 45 27 34 46 44 30 08 11 13 27 13 51 18 13 36 19 46 36 16 38 20 11 46 07 44 30 35 48 24 31 33 16 
05 15 38 25 44 45 11 32 47 52 06 13 12 41 07 34 24 51 47 19 09 40 25 52 18 35 24 17 14 04 33 46 46 18 46 13 38 05 21 33 32 26 45 
43 43 51 52 14 49 47 09 34 34 09 09 27 44 32 44 33 12 52 26 33 45 48 22 30 28 42 10 07 15 02 25 05 29 25 47 25 19 31 34 28 39 43 
03 06 22 46 38 09 21 40 42 13 35 39 42 10 28 28 44 18 29 16 51 05 40 21 06 34 51 39 10 37 29 12 19 27 33 04 11 01 19 28 13 01 14 
30 38 41 05 29 35 10 45 33 42 08 01 47 42 51 10 27 11 14 38 29 16 46 09 27 46 27 02 34 04 44 39 41 32 20 46 42 29 14 22 18 49 22 
41 14 48 26 40 07 39 01 11 03 46 47 05 15 22 34 24 01 25 39 17 33 06 10 22 10 51 44 03 48 41 43 09 37 44 25 19 31 25 05 09 47 52 
41 09 49 22 09 49 23 47 13 03 28 51 52 37 25 19 39 48 08 06 05 20 49 05 14 03 29 18 11 51 45 27 36 41 49 44 13 19 14 02 49 41 28 
24 25 52 43 11 48 50 44 28 45 41 32 06 43 36 23 30 35 16 04 18 32 28 37 45 22 50 46 46 38 21 18 38 48 08 24 43 33 16 18 25 32 25 
30 22 09 28 27 19 19 31 12 27 34 48 19 04 45 40 49 06 36 14 19 07 21 42 50 01 33 43 01 12 44 06 10 28 10 36 46 28 42 05 02 24 52 
48 03 20 11 51 01 22 41 19 29 09 36 02 38 45 20 14 04 11 20 41 38 29 25 31 32 42 11 10 41 38 33 43 05 20 18 33 41 06 27 45 42 11 
46 03 03 14 17 34 52 12 23 38 40 23 44 47 40 03 04 29 40 37 47 21 04 12 01 20 17 28 13 07 14 34 37 44 23 01 25 23 12 23 36 27 21 
27 50 09 05 01 37 21 13 07 41 44 19 17 40 35 20 28 17 09 09 30 52 08 30 01 06 18 23 41 20 44 43 17 52 24 46 12 44 06 18 08 26 12 
52 13 23 20 40 39 04 48 16 04 31 22 04 36 15 02 52 34 21 43 27 48 42 20 07 33 01 01 40 26 40 39 38 10 34 25 25 38 49 16 17 27 37 
20 39 27 49 38 37 18 04 11 13 45 06 48 01 06 24 40 32 11 03 45 21 12 18 45 49 42 08 13 44 21 08 30 47 05 44 31 50 23 41 10 44 22 
05 44 28 28 08 07 39 38 51 07 49 44 27 46 33 34 34 01 02 18 06 49 50 49 03 47 48 20 04 39 41 37 06 16 40 41 50 26 26 25 08 23 44 
34 44 25 44 01 01 45 18 06 17 43 31 48 37 26 15 17 40 31 01 45 47 40 10 20 42 35 44 25 33 36 07 52 36 26 29 36 18 22 17 11 13 47 
34 49 20 48 13 07 26 41 28 48 29 37 16 46 47 35 18 28 46 52 03 29 25 31 40 19 01 05 05 13 51 38 37 47 33 50 29 34 14 04 30 18 40 
21 11 11 03 29 38 49 04 16 01 29 23 41 47 23 21 27 11 47 12 47 41 20 20 18 01 34 49 06 27 13 26 38 23 05 42 36 29 45 51 29 49 21 
45 19 19 13 45 29 36 04 52 24 23 47 17 52 28 42 05 03 02 07 16 24 11 33 35 39 01 33 15 50 30 36 16 24 48 37 29 07 16 28 07 15 22 
23 14 26 12 46 04 41 52 47 12 10 27 46 24 27 03 15 24 08 50 16 31 21 28 07 28 43 10 34 05 32 32 18 33 20 40 36 08 39 30 48 25 32 
17 48 06 47 10 06 30 35 21 37 04 24 43 07 14 29 16 19 36 23 12 16 42 51 27 26 14 04 49 38 11 41 09 16 36 47 21 41 29 17 25 08 40 
44 42 30 20 05 48 03 28 35 18 45 10 44 46 23 23 42 36 33 07 44 24 42 38 21 06 43 37 31 50 01 22 40 30 41 20 01 19 23 11 36 44 20 
03 37 18 01 03 29 09 09 49 32 26 34 52 31 52 13 09 50 13 30 13 18 46 08 18 12 31 28 23 22 24 01 34 17 29 36 46 37 44 18 45 45 51 
20 24 51 32 08 24 20 14 12 37 07 19 30 47 25 34 45 22 33 46 04 49 50 39 18 35 07 35 03 27 10 22 50 36 30 34 35 49 47 46 10 29 40 
15 23 13 48 44 34 04 13 37 29 10 52 22 44 34 33 22 08 42 44 34 01 21 15 35 45 09 28 30 13 43 21 12 03 44 03 13 48 15 25 24 24 52 
45 44 33 25 41 17 42 32 50 18 28 40 52 49 24 03 02 36 46 22 47 24 14 49 36 37 39 09 36 39 36 04 06 17 05 46 09 46 02 34 12 29 21 
39 01 20 42 31 03 11 52 50 34 41 22 18 01 37 02 36 23 37 40 28 29 44 49 13 13 50 46 24 03 42 39 03 09 28 33 12 38 09 37 47 25 34 
12 26 18 41 37 40 02 24 43 06 43 40 19 04 13 12 03 15 02 41 46 10 44 02 49 29 38 33 24 11 15 11 12 08 28 48 48 29 48 14 10 38 01 
28 41 42 40 44 04 17 32 49 02 24 51 51 28 36 07 27 22 49 14 33 05 41 05 28 45 52 41 30 37 18 06 26 07 21 45 10 13 52 35 14 51 09 
40 03 20 47 29 42 19 18 50 23 34 02 50 02 01 15 32 14 32 37 15 14 33 07 51 45 06 09 06 33 17 46 35 37 16 39 26 34 05 23 33 38 01 
30 40 01 20 19 14 27 31 28 40 11 10 15 03 44 23 36 24 40 05 06 24 20 20 25 30 24 23 10 38 23 15 01 24 35 47 13 09 25 17 25 11 26 
39 13 45 09 24 16 24 29 49 47 24 17 47 01 16 18 38 29 40 01 29 39 35 51 28 19 23 20 43 09 21 29 49 14 14 21 29 37 25 02 08 48 46 
02 25 37 47 10 14 11 10 18 49 20 17 52 39 15 19 29 24 40 34 20 01 47 16 05 31 40 06 14 36 27 16 36 12 38 45 01 48 03 18 21 22 10 
20 36 25 39 13 24 02 46 43 02 40 35 34 46 22 16 08 05 42 51 40 29 36 09 29 32 39 23 28 36 08 47 20 08 09 32 31 10 01 50 39 16 32 
21 09 01 12 44 34 01 18 49 06 30 05 34 37 19 32 12 03 40 06 22 47 15 29 02 52 29 51 39 44 06 35 52 34 46 20 15 22 37 40 27 14 20 
09 50 39 16 09 41 31 43 10 26 05 38 03 32 42 01 18 33 34 52 08 15 21 27 06 43 40 45 17 29 12 01 03 26 17 11 14 47 29 51 48 33 12 
50 41 01 26 06 09 07 34 17 50 02 19 03 20 34 47 37 11 34 37 13 36 29 51 25 52 28 24 47 36 11 21 24 40 46 30 24 29 39 40 26 16 35 
28 36 16 50 48 26 07 08 38 42 13 37 15 12 40 14 34 23 52 02 47 15 24 52 39 28 14 02 29 29 36 32 40 52 05 11 01 11 19 15 29 31 27 
19 42 14 08 51 36 07 29 06 50 28 05 36 03 18 37 31 23 21 38 38 48 42 49 48 28 15 10 04 21 36 50 38 25 05 36 09 40 12 42 37 39 47 
20 41 40 32 47 38 52 08 24 23 49 48 19 25 10 04 28 06 16 02 43 40 06 26 24 45 38 14 05 52 36 52 17 51 32 39 37 07 47 36 30 43 31 
24 15 16 03 19 21 46 20 11 34 01 12 33 22 25 22 26 25 05 26 41 04 05 03 16 39 49 51 16 40 05 15 30 20 46 24 16 39 43 02 20 20 13 
29 41 14 50 14 38 31 15 02 34 19 04 25 34 29 23 25 16 27 40 21 22 33 45 13 19 11 14 15 30 02 19 46 15 16 08 52 22 22 29 03 17 09 
27 26 37 25 50 28 27 37 24 24 45 16 36 40 03 49 30 08 51 48 02 41 39 37 41 09 34 45 39 26 01 42 51 13 14 49 16 17 09 40 40 02 03 
24 41 33 48 46 41 22 41 18 11 03 02 27 11 35 19 50 09 48 15 07 08 28 31 24 44 40 11 08 41 41 31 05 50 02 50 14 24 14 31 34 16 08 
