66 43 52
33 36 52 29 32 25 22 37 49 42 13 37 18 51 13 42 41 02 49 50 41 01 45 19 20 03 26 03 37 47 46 46 06 46 22 38 46 44 22 19 09 10 03 
27 09 43 44 49 45 16 23 09 16 15 27 11 17 01 42 30 47 35 23 28 04 44 13 50 11 11 44 48 20 22 50 04 12 41 29 32 32 51 40 23 13 43 
33 05 43 22 34 13 05 32 16 08 52 29 33 10 15 24 33 10 21 30 14 09 46 42 40 25 16 04 47 28 46 28 08 12 25 18 52 05 25 43 41 24 19 
49 10 09 49 42 19 17 20 08 25 13 49 41 38 40 20 08 43 41 35 50 52 36 43 27 16 16 17 32 39 12 29 48 48 25 14 14 17 33 21 42 21 45 
06 34 32 25 42 22 13 52 48 40 35 14 42 27 29 34 06 44 45 34 39 17 34 28 30 51 08 27 16 05 47 21 38 27 21 27 24 33 27 47 20 37 09 
09 11 13 18 17 04 11 26 19 03 08 46 32 34 30 34 25 34 29 21 47 31 41 22 30 21 24 25 16 08 09 52 19 21 17 11 01 03 36 19 05 19 40 
37 28 45 18 52 26 22 20 49 52 08 18 30 04 41 30 19 24 38 46 18 34 11 28 10 13 40 04 46 34 44 06 10 36 51 37 38 21 05 34 20 40 27 
49 20 43 26 14 14 39 08 32 49 18 35 06 06 22 10 27 32 01 32 17 12 31 01 25 51 33 06 46 49 32 43 16 50 44 29 12 31 36 43 03 29 25 
08 11 23 17 37 02 45 17 18 05 23 46 05 49 27 11 42 23 18 32 14 16 52 42 03 06 02 45 08 06 45 15 44 43 08 05 20 52 49 37 32 19 07 
37 15 33 23 04 31 16 12 44 31 11 09 09 44 38 29 51 20 22 41 11 40 24 15 08 52 39 20 31 05 26 43 47 06 41 51 12 05 38 31 11 24 16 
20 15 29 48 41 48 45 05 35 33 29 25 40 28 12 07 34 44 33 25 39 14 13 37 02 45 22 32 04 45 23 23 35 52 46 23 23 39 03 05 19 31 06 
06 34 17 40 16 08 20 16 22 10 04 06 11 49 03 18 52 23 41 50 33 40 43 31 10 29 34 43 23 40 48 04 22 40 44 37 23 39 28 45 48 31 26 
34 27 05 52 02 03 40 27 36 03 18 14 12 22 23 30 45 11 25 24 08 40 15 44 11 02 47 31 25 25 04 07 28 36 34 29 39 21 32 50 23 49 11 
10 46 10 40 14 20 40 38 27 04 52 46 14 29 40 20 30 40 51 12 15 35 45 20 49 41 51 46 39 23 32 48 16 41 11 30 36 27 43 38 30 42 07 
19 47 22 38 52 10 12 11 24 46 31 19 42 19 17 11 05 15 43 28 31 07 15 36 43 17 02 04 22 19 11 40 13 32 01 40 41 12 50 41 34 04 07 
51 22 52 10 02 42 28 06 20 34 48 31 52 12 32 32 33 51 42 48 39 49 24 27 38 35 52 02 44 04 36 19 01 11 28 03 01 31 36 48 40 31 03 
16 42 10 47 50 08 36 45 23 32 16 25 45 26 24 22 46 27 34 12 28 44 15 06 20 45 17 16 08 47 18 23 12 27 17 09 11 28 29 09 36 20 33 
04 21 04 26 14 07 35 25 10 26 39 43 46 07 07 37 15 29 30 37 40 32 30 24 18 05 28 26 16 47 06 20 15 38 21 29 20 03 29 05 28 16 47 
49 22 29 09 12 05 38 25 20 18 02 43 35 34 18 09 50 40 42 17 02 03 37 06 22 39 35 26 42 50 48 15 47 24 23 35 28 09 07 23 02 36 13 
36 17 06 20 42 45 38 34 47 40 46 28 38 08 10 39 26 07 35 40 30 34 10 12 38 46 46 08 23 29 21 35 21 02 30 39 47 15 20 17 31 42 44 
44 49 02 30 22 36 12 09 41 46 47 52 31 16 21 14 39 25 34 49 46 36 26 32 06 41 27 22 47 16 13 38 41 42 15 10 26 03 47 14 24 17 42 
30 08 10 43 22 35 01 18 04 12 44 11 17 08 13 14 30 29 26 15 17 16 05 02 17 35 48 06 34 40 47 11 48 33 30 17 43 06 11 46 17 02 32 
09 37 44 22 14 48 23 04 40 38 08 42 30 19 13 36 52 29 06 39 24 38 16 16 28 21 02 49 13 03 04 21 15 48 42 04 19 12 07 07 26 43 24 
31 09 12 14 08 40 48 46 39 33 37 31 37 33 32 09 21 11 13 41 01 36 06 05 30 46 11 12 47 29 35 25 37 23 15 21 38 10 42 01 18 03 07 
02 35 14 39 04 52 51 20 01 10 02 05 39 47 43 51 17 20 09 17 32 31 31 52 45 16 18 45 34 20 27 11 02 40 25 33 40 23 29 40 32 30 20 
47 52 38 45 44 33 01 08 13 08 39 40 52 30 05 20 39 52 46 50 02 09 22 10 48 21 14 11 28 19 06 22 46 44 42 37 52 43 45 12 50 31 28 
25 36 08 20 23 08 13 48 37 21 45 22 45 13 36 03 17 02 09 14 48 28 04 32 27 22 52 15 47 06 18 19 42 25 38 12 32 26 07 16 22 51 14 
14 40 49 45 32 26 01 45 49 04 48 05 06 17 04 20 11 10 13 05 27 38 42 38 45 43 20 37 13 46 50 26 09 46 18 40 47 46 33 44 25 04 24 
31 21 27 26 07 12 39 12 38 52 29 51 44 48 46 28 08 40 25 09 48 46 03 12 17 48 44 36 49 23 07 03 19 09 28 26 49 42 13 34 41 17 09 
33 12 02 36 19 41 37 28 13 30 06 24 22 29 43 05 25 13 11 27 32 48 31 33 44 20 45 01 37 37 09 45 49 11 04 43 27 40 46 15 46 51 14 
15 28 04 20 52 45 06 03 24 01 33 32 20 28 24 21 40 36 29 32 32 15 36 23 18 51 44 08 44 43 22 07 18 25 02 45 17 35 47 16 36 03 47 
31 07 46 51 22 30 04 02 37 46 13 35 11 39 27 19 31 17 16 13 10 40 14 02 33 48 25 24 07 03 19 38 09 40 12 31 17 15 08 02 09 48 12 
47 34 38 41 40 30 04 52 39 20 41 17 52 13 41 23 47 19 17 32 04 05 44 10 49 34 45 26 42 40 38 13 49 51 29 13 29 33 40 15 28 29 31 
27 17 47 25 11 14 18 43 17 50 10 02 46 43 46 48 09 09 33 49 33 07 25 45 35 05 33 50 32 37 04 34 01 27 35 11 16 28 29 08 25 14 09 
46 05 02 41 41 10 49 37 42 04 09 35 38 42 43 11 49 27 43 07 03 17 17 41 32 44 18 39 16 31 47 09 11 24 26 27 33 22 11 50 25 48 08 
39 13 50 49 37 52 15 43 30 31 07 19 38 26 36 24 41 42 46 26 01 45 51 03 25 48 14 51 21 37 06 35 25 32 07 09 31 22 28 09 52 10 03 
38 36 38 37 52 03 07 25 03 51 51 34 52 47 47 50 43 07 31 25 07 10 31 15 17 52 42 25 28 28 27 41 11 40 25 10 42 07 11 21 06 37 02 
33 07 24 06 49 06 36 49 12 46 04 26 10 31 44 10 06 19 12 46 05 51 47 42 16 01 28 12 34 13 13 14 19 12 19 44 17 03 40 28 48 19 30 
33 50 49 42 03 43 01 49 23 27 19 12 42 19 16 02 01 28 42 42 22 02 09 41 46 39 05 22 10 23 27 42 20 51 31 23 41 07 47 11 33 13 50 
50 07 13 51 35 16 17 25 38 18 09 02 11 47 06 08 04 29 10 21 48 08 27 46 48 33 16 34 13 04 32 38 11 20 13 45 36 29 45 49 46 01 50 
32 23 04 16 02 32 25 50 03 33 24 49 28 04 12 38 44 44 45 30 02 12 42 22 23 46 43 47 15 19 45 46 42 24 09 19 31 34 17 33 14 40 05 
17 20 45 30 39 36 22 16 13 10 33 10 08 26 52 03 16 19 23 10 36 46 46 30 52 27 46 32 16 10 13 09 29 33 38 43 16 36 07 04 21 15 13 
28 17 13 30 32 07 28 17 42 21 11 19 20 13 41 28 29 26 16 13 30 48 26 20 39 09 02 18 29 17 30 33 09 18 10 16 24 14 33 41 10 43 36 
06 31 24 33 35 49 24 47 02 47 21 21 09 05 23 26 34 15 03 14 23 21 51 38 44 12 46 09 22 12 44 27 43 15 35 25 39 34 48 40 28 44 36 
12 48 06 37 05 48 39 46 18 35 45 32 03 32 01 11 29 13 02 31 31 44 41 31 06 22 26 21 25 45 04 36 41 38 20 21 33 35 15 27 45 35 06 
47 42 34 33 19 46 10 25 24 01 14 31 34 11 32 02 12 25 34 47 41 19 43 09 27 01 23 01 45 33 34 16 23 16 24 17 37 34 41 37 34 30 15 
16 41 46 45 28 18 26 50 06 20 40 43 47 16 13 23 37 46 05 28 44 48 51 08 32 32 48 16 14 26 30 05 42 52 25 17 17 51 14 51 46 30 41 
40 21 29 11 05 50 43 32 41 38 07 48 17 38 20 09 27 45 14 07 10 13 32 02 30 06 15 04 51 20 44 39 41 20 25 21 46 15 29 34 28 35 30 
44 20 49 28 23 17 42 29 02 02 08 03 07 41 45 10 40 13 01 02 29 49 26 49 42 16 25 51 43 35 04 10 31 28 38 01 44 27 29 21 28 13 23 
11 01 16 20 40 28 49 41 04 21 42 28 10 33 29 36 23 11 40 09 41 15 46 41 07 48 46 03 51 06 26 09 34 41 29 22 44 01 38 23 21 04 26 
06 36 02 41 35 13 28 43 01 43 12 18 25 35 11 27 33 44 28 18 25 44 22 46 35 22 08 33 42 39 07 23 22 08 11 32 48 15 50 49 33 37 42 
05 19 52 07 28 43 35 45 43 02 14 37 37 35 20 45 52 06 51 50 03 35 08 35 30 50 08 02 30 45 43 10 11 18 17 38 36 27 06 27 28 19 39 
40 29 06 33 04 39 07 01 41 41 37 51 19 34 07 20 12 27 39 21 37 04 13 51 16 15 04 42 19 51 28 34 27 09 42 31 23 49 07 39 13 43 38 
07 25 20 03 12 46 41 08 06 20 21 04 35 11 36 24 05 34 27 39 36 35 04 14 33 52 49 20 41 39 05 47 39 52 49 50 45 37 06 50 05 02 30 
39 40 13 39 45 46 13 07 29 24 10 19 04 10 43 51 26 29 03 20 16 30 17 41 22 29 46 48 33 23 25 48 11 13 10 31 34 22 37 38 21 46 32 
01 31 22 51 04 51 30 24 42 07 16 06 05 44 52 28 25 50 52 48 36 40 05 14 21 02 50 06 51 44 38 27 50 07 25 02 33 30 01 50 13 16 04 
45 07 31 20 07 28 19 02 12 06 34 01 02 12 51 07 10 18 20 12 15 03 12 16 35 42 16 09 30 07 12 22 14 42 41 48 45 35 26 32 16 07 33 
17 46 31 51 31 24 47 42 38 49 02 02 07 19 45 15 48 28 26 45 17 43 33 12 12 43 37 19 34 20 51 26 13 05 24 20 28 18 09 14 42 38 43 
49 04 11 11 27 38 13 19 30 31 27 42 18 17 26 37 26 21 35 51 34 16 51 01 19 16 37 08 06 23 26 30 26 13 40 01 26 28 47 04 35 22 45 
52 14 46 36 40 15 47 38 24 10 12 52 04 28 36 12 09 34 13 14 36 25 29 36 51 05 06 02 39 27 22 14 17 15 50 04 29 44 17 28 29 29 27 
08 32 39 47 16 20 08 29 03 32 05 14 06 37 20 35 51 22 04 13 38 47 38 41 23 29 34 27 33 38 01 40 17 15 35 08 35 18 12 13 25 44 27 
31 29 22 13 03 43 45 15 29 39 52 45 37 04 26 11 12 11 40 52 03 02 10 38 12 27 49 25 51 41 51 05 45 48 18 47 38 38 38 14 24 13 07 
08 45 08 47 04 47 34 03 49 11 40 35 23 14 31 47 41 47 21 45 39 16 10 34 01 23 47 43 46 07 25 30 51 32 52 03 26 33 33 51 43 21 09 
13 10 15 35 50 10 03 43 48 18 28 05 47 51 27 13 20 34 37 49 08 44 48 38 46 04 47 44 23 15 52 11 52 42 46 50 51 24 16 23 18 43 03 
12 17 30 52 37 39 36 09 22 27 05 08 20 36 30 39 34 20 14 45 19 04 14 44 30 13 07 52 30 50 31 17 14 08 16 50 22 27 07 43 02 39 26 
49 50 03 36 32 22 25 52 17 28 41 08 06 01 15 33 07 40 11 23 01 46 15 27 43 41 09 10 18 23 35 15 48 14 26 03 11 50 30 27 02 18 11 
