66 43 52
51 51 41 02 18 36 31 21 45 04 05 37 33 08 25 49 41 43 01 36 26 26 33 05 30 25 07 38 33 23 04 31 49 20 08 42 04 39 11 48 42 43 09 
23 50 33 47 15 51 48 26 25 49 06 05 26 07 40 12 39 10 43 45 35 11 01 24 42 15 10 37 32 28 45 30 02 02 25 16 52 20 17 52 16 50 33 
18 04 20 29 18 05 47 11 15 05 11 15 46 01 24 07 32 28 51 10 29 28 34 20 04 29 36 03 20 33 11 37 13 30 41 30 11 36 40 25 40 26 39 
10 26 39 16 06 14 42 43 42 18 24 37 21 52 20 51 47 28 10 32 40 39 20 18 25 03 33 50 19 35 36 28 08 50 19 41 11 08 07 28 25 30 12 
21 05 07 20 52 35 29 07 50 43 26 43 16 05 52 13 51 34 24 02 17 22 20 34 08 03 40 36 04 18 23 24 50 30 43 25 40 47 31 13 38 33 04 
29 37 03 17 11 12 16 12 28 13 07 09 21 09 25 32 12 18 02 36 15 07 02 40 22 25 46 35 38 26 14 14 38 44 06 48 03 21 07 30 34 41 15 
02 50 39 09 37 04 10 48 46 45 50 09 14 50 03 24 35 28 37 24 14 28 29 37 30 49 20 36 30 08 26 07 33 40 15 18 19 01 13 12 45 38 21 
34 35 51 06 17 02 42 16 15 46 44 28 51 17 47 34 46 30 35 29 11 22 43 28 40 43 16 28 11 02 24 45 36 22 26 29 23 43 20 14 36 12 41 
35 28 11 44 49 40 27 25 26 24 44 01 40 34 45 15 21 46 38 41 05 35 14 09 05 04 29 46 16 16 10 50 43 48 17 15 36 43 40 37 43 31 14 
30 40 06 44 36 51 05 24 31 39 13 40 19 45 16 41 08 31 26 33 49 22 49 11 33 16 26 17 34 32 30 11 20 35 30 31 09 34 31 40 48 43 27 
42 11 18 30 18 24 04 26 48 01 51 34 33 14 08 49 47 39 27 33 34 37 10 13 46 43 19 09 14 09 35 03 20 28 09 13 27 40 39 22 40 37 03 
20 26 38 16 48 25 18 28 34 03 37 22 24 03 40 32 44 25 42 22 20 17 30 32 19 45 46 16 08 30 18 27 31 32 19 26 32 12 29 13 14 41 11 
13 43 26 44 10 50 33 32 17 25 37 49 43 30 18 06 13 24 52 16 02 07 34 04 38 21 32 26 11 21 36 23 39 10 15 25 35 47 04 28 48 16 52 
38 21 17 20 34 40 47 49 42 01 06 21 14 26 28 39 36 24 51 07 11 36 49 11 18 19 14 45 14 29 44 28 50 09 47 07 24 17 03 41 45 08 09 
06 09 37 20 45 08 18 27 46 01 23 04 47 41 45 15 03 50 07 06 23 43 28 29 14 44 07 31 12 14 39 17 22 23 36 42 07 30 16 52 30 38 04 
52 03 24 15 33 21 21 38 43 39 13 47 28 32 01 06 43 42 45 07 12 43 18 29 49 47 45 25 01 06 04 52 08 27 14 16 48 10 01 14 48 13 37 
52 44 37 05 34 27 25 16 14 44 10 42 40 04 34 40 32 16 43 32 51 18 21 15 41 31 15 30 02 04 14 01 23 51 34 05 25 34 48 14 25 05 03 
41 37 13 28 16 28 19 23 26 12 44 40 52 50 31 29 51 34 19 28 04 17 09 36 17 18 32 30 43 12 08 07 24 20 10 16 23 28 38 49 15 05 12 
14 02 42 19 29 51 37 04 03 29 40 38 21 05 45 50 23 33 33 29 04 01 39 47 23 42 09 47 05 13 35 46 43 24 40 19 23 52 50 01 04 37 14 
24 17 35 49 40 15 30 44 46 30 30 17 28 48 25 51 28 37 33 21 03 32 37 49 30 12 22 30 16 06 20 39 51 02 36 38 44 13 29 13 18 35 29 
21 30 01 19 33 14 27 29 44 35 13 41 12 25 10 18 16 44 37 02 42 14 13 03 33 25 07 45 18 17 50 39 22 26 33 02 15 08 31 07 42 19 23 
29 43 08 46 34 51 06 36 16 47 48 46 27 49 29 48 14 45 21 28 43 46 09 44 37 44 22 19 09 17 41 13 07 48 35 41 23 16 52 14 11 23 36 
37 47 12 08 37 32 28 12 22 50 48 42 34 15 39 52 23 03 16 36 38 39 46 02 09 09 01 51 19 51 34 32 46 21 39 30 52 43 41 50 40 13 39 
49 27 25 24 26 04 39 37 41 25 30 42 10 38 18 08 05 16 17 12 09 37 26 14 12 16 31 37 03 43 51 27 45 52 50 18 03 36 02 43 37 31 32 
46 17 25 29 49 40 45 08 25 05 09 38 44 25 44 05 03 34 03 30 27 02 27 44 04 39 22 22 23 52 01 44 44 01 20 40 41 40 23 41 20 32 26 
11 32 18 15 34 27 46 39 29 47 42 49 27 28 18 48 26 17 25 17 09 25 12 24 41 51 23 29 18 30 03 04 09 48 47 18 50 40 05 27 34 46 23 
08 49 16 32 50 32 04 42 16 28 01 16 17 27 14 45 20 43 23 23 27 46 17 20 20 32 52 22 14 45 44 49 17 35 28 14 14 07 31 06 11 31 21 
27 33 10 47 52 52 46 23 02 15 15 21 34 47 21 03 36 41 22 08 34 04 12 23 46 18 02 51 28 08 47 30 41 04 01 40 31 46 38 32 08 01 28 
18 23 24 20 34 41 42 41 50 21 52 20 14 46 49 12 49 05 34 27 45 37 27 08 15 48 46 22 03 22 26 20 44 49 16 01 13 05 41 10 25 17 06 
15 10 02 26 06 06 36 08 26 20 34 34 35 29 03 32 08 24 05 03 43 30 18 43 42 50 07 28 51 23 33 13 08 10 14 14 44 49 21 17 17 31 26 
27 35 04 06 42 27 39 45 45 16 10 11 33 08 18 08 34 16 16 46 24 26 07 37 17 32 33 09 48 11 11 50 46 14 31 11 17 17 31 37 32 41 48 
41 24 41 48 05 04 12 26 27 13 32 39 05 11 20 13 34 06 51 07 27 41 38 14 33 02 44 17 10 08 40 50 31 28 21 11 08 32 12 34 20 20 49 
24 06 16 37 40 49 11 46 52 51 31 13 31 09 04 48 46 40 11 43 18 39 11 05 22 19 16 03 38 35 51 10 41 42 22 04 15 08 25 14 07 32 02 
13 40 33 08 33 20 47 51 14 09 37 46 30 03 37 08 17 48 35 02 36 24 23 15 14 30 39 03 12 46 32 25 09 13 08 41 08 02 15 21 10 52 42 
15 30 27 23 46 22 05 47 33 04 45 47 18 51 09 48 10 03 28 10 11 40 18 28 23 47 18 20 33 17 09 47 47 35 17 40 32 21 11 12 01 03 34 
18 01 43 13 39 21 16 48 07 03 13 34 02 36 52 21 16 44 29 10 38 40 03 02 19 51 40 31 51 42 12 44 19 30 33 05 26 48 52 33 27 41 42 
28 52 41 48 15 09 24 24 22 11 26 51 30 25 38 36 51 04 23 43 22 29 23 26 02 18 01 34 44 17 52 19 16 16 14 30 24 14 30 46 52 31 44 
29 31 06 40 30 09 11 20 30 15 42 31 16 35 07 26 27 24 25 21 15 40 11 21 40 24 50 33 23 04 52 28 35 33 43 40 41 29 07 18 43 24 24 
35 06 31 08 08 02 08 05 44 23 15 12 10 14 37 18 12 41 46 39 51 26 06 38 15 34 44 08 25 43 32 07 48 10 42 32 39 25 36 30 47 26 18 
33 39 02 26 50 42 19 13 40 21 18 25 11 51 44 46 51 34 25 05 06 10 22 13 24 46 48 02 17 21 19 49 35 48 22 32 38 17 20 01 13 37 02 
23 12 21 16 10 31 17 15 12 26 36 24 26 06 47 27 22 15 21 18 49 44 15 04 29 07 24 06 19 36 07 17 47 03 09 05 33 25 47 44 26 06 15 
51 11 09 01 32 51 49 25 23 41 16 03 45 50 26 50 45 37 32 09 32 11 45 36 43 45 30 11 47 35 01 45 46 38 22 01 12 46 02 35 10 45 13 
03 42 14 28 34 50 36 19 29 46 11 12 12 32 17 50 26 28 51 46 21 36 43 49 23 37 26 33 46 18 45 24 08 06 28 17 04 11 35 08 32 22 48 
19 01 12 17 02 15 43 47 11 02 38 08 24 22 33 05 43 27 49 43 34 31 18 50 10 04 09 17 11 06 40 29 34 28 21 35 42 11 29 01 12 42 08 
36 39 16 16 06 18 12 48 51 42 13 25 27 44 09 44 02 14 07 30 47 34 27 05 24 37 09 24 25 51 07 08 13 50 23 18 16 10 13 42 28 01 42 
02 44 50 21 21 39 28 27 09 09 01 13 08 13 22 31 37 48 13 20 36 39 18 02 02 28 42 19 31 43 09 32 10 06 29 31 45 04 33 01 40 33 42 
48 45 39 02 30 10 15 49 45 29 15 46 30 18 36 24 48 02 32 03 39 14 31 17 34 34 25 10 22 05 51 45 50 13 46 03 22 36 27 43 12 17 36 
17 34 47 41 05 24 20 08 11 33 38 03 42 48 28 52 45 08 50 13 33 11 06 35 08 42 38 50 29 02 10 46 12 32 34 44 04 29 51 42 38 13 20 
27 36 23 26 28 31 52 40 11 38 21 22 45 38 07 19 15 36 28 08 23 35 17 15 14 45 13 03 30 01 51 05 36 21 06 39 51 05 02 10 42 51 31 
11 36 13 29 50 24 32 33 47 14 49 09 04 18 49 06 47 50 32 27 09 01 33 24 51 13 01 36 03 51 42 13 11 02 17 08 26 24 17 48 13 41 04 
16 06 52 50 29 25 29 03 10 29 11 09 04 24 09 39 02 36 05 42 46 06 06 29 07 05 45 02 17 34 33 33 39 09 30 15 09 06 46 46 11 32 02 
14 03 11 28 04 46 32 21 15 14 02 43 48 06 36 26 23 45 06 03 07 14 08 50 51 13 43 44 51 22 46 40 01 32 44 32 01 23 01 15 12 02 05 
08 36 16 09 06 08 14 08 15 04 15 12 02 03 30 45 30 27 14 17 27 45 08 35 45 07 35 35 46 12 40 29 47 03 37 28 39 51 11 01 02 25 40 
31 04 17 51 09 43 13 01 46 33 37 28 02 43 38 36 12 25 51 41 48 30 25 23 16 23 34 44 52 34 31 06 13 23 05 21 13 45 50 34 25 34 37 
26 24 50 38 35 51 36 23 46 41 24 44 04 46 01 47 22 11 01 27 51 23 07 48 12 51 45 45 52 26 06 01 25 03 38 35 01 50 34 22 38 05 42 
18 26 42 40 47 28 41 50 27 11 32 22 22 31 14 43 06 39 48 06 11 50 20 45 27 17 26 24 30 06 13 23 32 03 11 26 30 27 51 04 13 31 01 
35 37 14 01 18 52 48 23 38 21 42 07 23 34 08 47 40 14 07 38 45 37 24 46 15 50 21 46 11 51 47 21 11 36 21 28 12 44 26 49 40 44 31 
11 25 39 05 40 28 39 26 20 24 49 41 14 23 09 35 09 35 05 29 45 41 25 48 52 16 22 24 03 13 03 41 13 17 45 01 44 08 02 39 31 26 27 
44 24 36 26 32 46 31 08 15 47 08 10 46 23 31 17 02 19 47 18 32 11 39 08 02 46 37 40 24 38 15 43 10 26 44 41 47 50 25 09 44 32 19 
13 31 25 30 08 44 52 25 51 11 11 06 12 04 18 28 03 03 42 45 12 43 13 01 37 10 01 22 30 32 40 42 38 12 47 45 31 47 46 29 05 04 10 
44 36 27 19 14 30 36 35 17 02 47 45 15 32 45 36 09 01 23 27 38 10 21 07 17 43 52 45 23 31 03 43 42 05 09 04 34 21 38 27 50 32 19 
12 39 12 47 48 12 45 22 49 31 18 31 47 37 30 15 07 37 17 49 26 50 34 29 31 02 42 33 27 21 52 39 08 11 09 31 50 30 28 46 08 45 01 
30 29 30 44 12 14 37 36 40 34 17 44 40 46 34 21 21 30 20 07 13 30 43 43 27 20 46 48 03 15 48 32 19 02 24 30 43 08 14 06 17 06 50 
04 52 07 24 20 36 43 02 49 48 20 15 50 40 09 22 18 23 45 50 41 22 49 47 13 32 08 18 48 13 43 51 40 49 51 07 33 41 36 05 13 04 19 
38 19 03 07 36 25 28 09 42 49 05 36 09 12 19 03 35 31 45 34 19 42 08 01 50 24 13 02 36 44 20 50 38 51 04 21 23 07 06 40 04 38 23 
40 50 41 42 32 48 11 41 42 52 24 42 49 48 30 50 07 21 45 04 34 43 36 31 42 42 36 29 21 21 28 09 46 16 26 02 39 36 18 28 35 42 46 
